(tensor([12766, 12309,   604,  4241,  3437, 12152,  1007, 14348,  8226,  1509,
         6514,  2439, 13575,   704, 12106, 12238, 13552, 10905, 12493, 10913,
         2699,  7252, 11530,  4863, 14547, 14472,  9840,  5227,  1504,  4277,
         2347,  2335, 13588,  5806,  4006, 13920,  4653,    79, 14532,  7644,
         1042,  6764, 12776, 10170, 13412,  8135,  8890, 13373,  7393, 10485,
        11319, 11875,  6791, 10575, 13208, 11169, 13209,  3795, 12732,  1713,
         2107,   432,  2917,  9068,  8888,  3495,  8480,  5616,  6510,  3918,
        14669,  6648,  4177,  5768,  2145, 10696,  4442,   777, 13665,  7688,
         8083,  9672,  9048, 11052,  1446,  8727, 11897, 10091, 14610,  7313,
         2370, 12561,  7198, 12767, 12160, 14540, 12476, 11906,  7276,  3089,
        12051, 10188,  1908,  6723,  4638,  8749,  3410,   129,  5849,  5633,
          734,  5426,  1651,  3042,  1883,  4036,  8568, 11849, 12620, 13945,
         8239,  7434,  7403, 12935,   377,  9208,  3852,  1833,  1247, 13465,
        11454,  8581,  3634, 11865, 12211, 12316,  4642, 10551,  6650, 10450,
          712,  7374,   118,  3574, 14323,  9687,  4935, 12617, 13942,  7828,
         5185,  5814,  3683,  9288,  3318, 14484,  4229,  1116,  9394,  5097,
         5479, 13682,  2245,  1397,  4609,  7326, 11182,  8858,  9275,  9527,
         5351, 10302,  1836,  3139,   661,  1526,  4595,    43, 10511,  5905,
         7254,  9621, 10474,  8924, 11114, 12067,  7863,  1069,   638,  4900,
          976,  6794,  6684,  9213, 12861,  3306,  2086, 10215,  6593,  9036,
        10798, 14182,  5431,  5907, 12893,  2664,  3633, 11650, 11436, 13222,
         6450,  8064, 10501,  9350, 14279,  3865,  3557, 11605,  8108,  6998,
        13376,  9419, 12124,  5357, 11042, 13328,  6108, 10500, 11443, 10832,
        14495, 14168, 14651,  6463,  4848, 11491,  4085,  4657,  8010,  1897,
         6778,  7007,  2865,  3584, 14015, 12723,    57, 10255, 11918,  6845,
        10155, 12484,  9613,  7794,  4937, 13935], dtype=torch.int32), tensor([ 353, 1264,   72, 3369, 6367, 1467,  593, 3442, 7713, 1932, 1402, 3349,
        3429, 5100, 7750, 5370, 3559, 1548, 2045, 3476, 3040, 4932, 4115,   27,
        1333, 2090, 2162, 6058, 3816, 3318, 5565, 3049, 2376, 3046, 7412, 3816,
        2201, 5081, 5686, 2273, 5351, 1560, 4267,  224, 4155,  885, 8366, 4819,
          31, 5707, 3040, 6478, 6815, 4411, 5867, 2735,  593, 4913, 3955, 4619,
        2001, 1134, 5643, 5456, 7548, 2599, 6350,  517, 7658, 7893, 2830,  620,
         731, 8000, 3963, 3965, 3813, 7523, 6340, 3087, 1819, 4973, 2041, 2966,
        3104,  629,  125, 6123, 5926,  723, 3620, 2325, 5881, 1190, 3051,  885,
        4946,  990, 2792,  155, 2735, 1028, 1482,  966, 3595, 5740, 8255, 5863,
         639,  502, 2842, 1990, 8023, 4551, 1366,  530,  833, 4740,  797, 6154,
        1458, 7560, 7155, 3028, 2633, 4587,  880, 2382, 1087, 2987, 5523, 6215,
        1742, 6813, 1113, 5740, 5938, 3444,  204, 1242, 4111, 2678, 4512, 2563,
        1847, 7155, 8524, 1960, 5266, 3578, 6317, 1562, 7291,  509, 4074, 3245,
        3162, 3907, 3961, 7534,  841, 8366, 4859, 1732, 1174, 1622, 6160, 1856,
        5904,  695, 6863, 6731, 2725,  661, 3064,  801, 4090, 8135,  753, 2633,
        6095, 6872, 3746, 3595, 7154, 5067, 3583, 2473, 3443,  549, 7742, 4292,
        7313,  994,  519, 1467,  119, 3023, 6721, 1384, 2204, 4328, 4110, 5108,
        2700, 2368, 7804, 2968,  701, 4393, 3500, 7154, 3547, 6054, 6790,  821,
        3244, 2545, 3299,  331, 5685, 7324, 3371, 2169, 1874,  491,  611,  433,
        2620, 6411, 2136, 1500, 1950, 6344, 2461,  742, 4227, 1808, 1242, 3778,
        2577, 4190, 5064, 1242,  928, 1342, 7678, 2667, 7480, 8099, 2734, 1569,
        3961,  918, 6261, 2564], dtype=torch.int32), tensor([[4550],
        [3863],
        [3930],
        [ 222],
        [2735],
        [ 684],
        [3058],
        [3512],
        [ 307],
        [ 625],
        [2735],
        [6315],
        [ 593],
        [2321],
        [4156],
        [  52],
        [ 401],
        [ 254],
        [1078],
        [ 342],
        [   6],
        [1242],
        [ 913],
        [3250],
        [2842],
        [1257],
        [ 520],
        [7412],
        [3965],
        [5172],
        [4812],
        [8527],
        [ 310],
        [4627],
        [2033],
        [1087],
        [ 267],
        [2321],
        [3655],
        [5640],
        [6963],
        [1220],
        [1996],
        [1530],
        [4109],
        [4550],
        [7632],
        [3696],
        [4778],
        [5400],
        [7900],
        [5892],
        [6344],
        [1247],
        [6625],
        [  39],
        [4513],
        [ 573],
        [4690],
        [4626],
        [1433],
        [ 679],
        [1763],
        [6557],
        [3903],
        [ 170],
        [3371],
        [3241],
        [5517],
        [7155],
        [1266],
        [ 587],
        [3176],
        [2775],
        [ 337],
        [3964],
        [5631],
        [5824],
        [ 366],
        [3088],
        [1228],
        [3722],
        [5691],
        [3746],
        [3117],
        [4169],
        [7580],
        [4994],
        [2524],
        [ 722],
        [7401],
        [1428],
        [5023],
        [ 756],
        [3341],
        [ 884],
        [ 656],
        [ 545],
        [2670],
        [2437],
        [2564],
        [3891],
        [ 574],
        [5353],
        [2678],
        [5538],
        [4129],
        [ 734],
        [3271],
        [ 519],
        [ 174],
        [7792],
        [3708],
        [2468],
        [3080],
        [2354],
        [3956],
        [ 518],
        [1467],
        [6153],
        [2204],
        [ 493],
        [7154],
        [3257],
        [2580],
        [4588],
        [ 895],
        [6216],
        [3746],
        [1871],
        [ 504],
        [ 593],
        [3226],
        [5668],
        [3047],
        [6600],
        [ 752],
        [1466],
        [ 169],
        [1087],
        [1139],
        [2447],
        [3881],
        [6216],
        [1596],
        [7309],
        [2090],
        [1302],
        [4200],
        [2678],
        [6344],
        [ 759],
        [3419],
        [ 507],
        [ 865],
        [5910],
        [2563],
        [4043],
        [3319],
        [2330],
        [4723],
        [2604],
        [3325],
        [2753],
        [ 797],
        [ 786],
        [4349],
        [ 560],
        [6179],
        [ 520],
        [6236],
        [5123],
        [1753],
        [1560],
        [3054],
        [2791],
        [3746],
        [2643],
        [ 721],
        [ 530],
        [4651],
        [5186],
        [2405],
        [7286],
        [6054],
        [8266],
        [5220],
        [6506],
        [3307],
        [2664],
        [7438],
        [4290],
        [6872],
        [3409],
        [ 114],
        [5206],
        [2620],
        [3465],
        [4497],
        [4871],
        [6776],
        [ 629],
        [6747],
        [5030],
        [1893],
        [6515],
        [5508],
        [2633],
        [ 504],
        [3316],
        [7526],
        [7954],
        [5234],
        [5708],
        [5565],
        [1310],
        [1781],
        [ 578],
        [1473],
        [2585],
        [1242],
        [3640],
        [ 692],
        [1795],
        [ 637],
        [2840],
        [ 522],
        [ 244],
        [3371],
        [5113],
        [4617],
        [1492],
        [1453],
        [1242],
        [3068],
        [1554],
        [1859],
        [3433],
        [6526],
        [2769],
        [ 884],
        [5122],
        [3620],
        [ 795],
        [6223],
        [ 642],
        [4570],
        [1654],
        [7372],
        [2652],
        [ 143],
        [1256],
        [2624],
        [ 178],
        [3714],
        [2634]], dtype=torch.int32), tensor([[0],
        [1],
        [1],
        [0],
        [0],
        [1],
        [1],
        [1],
        [1],
        [1],
        [1],
        [0],
        [1],
        [1],
        [1],
        [1],
        [1],
        [1],
        [1],
        [1],
        [1],
        [1],
        [1],
        [0],
        [1],
        [1],
        [1],
        [1],
        [1],
        [1],
        [1],
        [1],
        [1],
        [1],
        [1],
        [1],
        [1],
        [1],
        [1],
        [1],
        [0],
        [1],
        [1],
        [1],
        [1],
        [1],
        [0],
        [1],
        [1],
        [1],
        [1],
        [1],
        [0],
        [1],
        [1],
        [1],
        [1],
        [1],
        [0],
        [1],
        [1],
        [1],
        [1],
        [1],
        [1],
        [0],
        [1],
        [1],
        [1],
        [0],
        [1],
        [1],
        [1],
        [1],
        [1],
        [1],
        [1],
        [1],
        [1],
        [1],
        [1],
        [1],
        [1],
        [1],
        [1],
        [1],
        [1],
        [1],
        [1],
        [1],
        [0],
        [1],
        [1],
        [1],
        [0],
        [1],
        [1],
        [1],
        [1],
        [1],
        [0],
        [1],
        [0],
        [0],
        [1],
        [1],
        [1],
        [1],
        [0],
        [1],
        [1],
        [0],
        [1],
        [1],
        [1],
        [1],
        [1],
        [1],
        [1],
        [1],
        [1],
        [1],
        [1],
        [1],
        [1],
        [1],
        [1],
        [1],
        [1],
        [1],
        [1],
        [1],
        [1],
        [1],
        [1],
        [0],
        [1],
        [1],
        [1],
        [1],
        [1],
        [1],
        [1],
        [1],
        [1],
        [1],
        [1],
        [0],
        [1],
        [1],
        [0],
        [1],
        [1],
        [1],
        [1],
        [1],
        [1],
        [1],
        [1],
        [1],
        [0],
        [1],
        [0],
        [1],
        [1],
        [1],
        [1],
        [0],
        [0],
        [1],
        [0],
        [1],
        [0],
        [1],
        [1],
        [0],
        [1],
        [1],
        [1],
        [1],
        [1],
        [1],
        [1],
        [1],
        [1],
        [1],
        [1],
        [1],
        [1],
        [1],
        [1],
        [1],
        [1],
        [1],
        [1],
        [1],
        [1],
        [1],
        [1],
        [1],
        [1],
        [1],
        [1],
        [1],
        [1],
        [1],
        [1],
        [1],
        [1],
        [0],
        [1],
        [1],
        [1],
        [1],
        [1],
        [1],
        [1],
        [0],
        [1],
        [1],
        [1],
        [1],
        [1],
        [1],
        [1],
        [1],
        [1],
        [1],
        [1],
        [1],
        [1],
        [1],
        [1],
        [1],
        [1],
        [0],
        [1],
        [1],
        [1],
        [1],
        [1],
        [0],
        [1],
        [0],
        [1],
        [1],
        [1],
        [1],
        [1],
        [1],
        [1],
        [1],
        [0],
        [1],
        [1],
        [1]], dtype=torch.int32), tensor([[4738],
        [7260],
        [5086],
        [ 999],
        [8502],
        [6776],
        [5134],
        [ 200],
        [7070],
        [5059],
        [7479],
        [8518],
        [ 623],
        [4342],
        [ 649],
        [6036],
        [4731],
        [6646],
        [1098],
        [6837],
        [4350],
        [7238],
        [2750],
        [ 230],
        [ 841],
        [3757],
        [7918],
        [6892],
        [1150],
        [1879],
        [1741],
        [6388],
        [7419],
        [4531],
        [ 515],
        [5284],
        [7177],
        [4202],
        [  58],
        [7083],
        [2191],
        [ 457],
        [ 431],
        [6946],
        [5293],
        [6936],
        [4626],
        [1520],
        [1746],
        [3003],
        [1651],
        [6780],
        [6551],
        [7342],
        [2082],
        [4436],
        [7125],
        [2615],
        [1707],
        [3192],
        [2147],
        [1179],
        [7650],
        [2080],
        [6563],
        [1626],
        [2707],
        [1009],
        [7102],
        [2169],
        [5953],
        [3378],
        [6082],
        [5430],
        [4325],
        [5171],
        [8201],
        [1666],
        [7643],
        [8150],
        [6554],
        [6687],
        [6360],
        [3523],
        [7257],
        [8152],
        [3597],
        [2374],
        [2436],
        [7585],
        [6212],
        [4672],
        [1438],
        [3947],
        [4232],
        [4302],
        [3064],
        [4780],
        [1035],
        [4709],
        [3014],
        [2231],
        [3450],
        [7483],
        [4829],
        [3207],
        [  44],
        [2498],
        [5184],
        [ 274],
        [4590],
        [6565],
        [ 418],
        [6632],
        [ 919],
        [2758],
        [7066],
        [3504],
        [2447],
        [2499],
        [5082],
        [5404],
        [7930],
        [5991],
        [7514],
        [ 719],
        [3192],
        [3561],
        [8188],
        [5563],
        [4041],
        [7031],
        [8209],
        [ 960],
        [ 472],
        [ 195],
        [7851],
        [5575],
        [3392],
        [3309],
        [1340],
        [3471],
        [4802],
        [8384],
        [4844],
        [4579],
        [5204],
        [7711],
        [6181],
        [5463],
        [4346],
        [2278],
        [4893],
        [ 787],
        [8504],
        [8541],
        [1772],
        [ 864],
        [6910],
        [ 217],
        [6088],
        [ 980],
        [3345],
        [7967],
        [3650],
        [3172],
        [7767],
        [ 158],
        [ 143],
        [2037],
        [6276],
        [1729],
        [ 436],
        [7647],
        [1427],
        [3551],
        [2874],
        [4316],
        [6960],
        [ 857],
        [4209],
        [6447],
        [3653],
        [   0],
        [2066],
        [4567],
        [4698],
        [3490],
        [4716],
        [5515],
        [3923],
        [7114],
        [ 850],
        [2954],
        [4301],
        [ 906],
        [5050],
        [7486],
        [6675],
        [8192],
        [1802],
        [ 490],
        [1523],
        [7629],
        [5994],
        [5998],
        [7309],
        [5836],
        [ 789],
        [5455],
        [3405],
        [7483],
        [8691],
        [2387],
        [4884],
        [2191],
        [5906],
        [5090],
        [5574],
        [4712],
        [ 523],
        [5389],
        [4988],
        [1550],
        [3451],
        [5967],
        [2190],
        [5197],
        [4689],
        [ 896],
        [ 988],
        [3293],
        [7812],
        [6802],
        [2292],
        [1027],
        [8632],
        [8158],
        [4955],
        [8312],
        [6214],
        [ 444],
        [2360],
        [1599],
        [8465],
        [8571],
        [1177],
        [7118],
        [6534],
        [ 475],
        [3486],
        [8337],
        [3061],
        [7476],
        [7136],
        [4339]]))
