#####group_users
tensor([ 9952, 13448,  9212, 10097, 10219,  9664,  8605, 11559,  7874,  5443,
        13202, 10684,  9108, 11185,  9962,  9518,  2439, 12570,  3561,  3903,
         7240,  2728, 10141,  9620,  6635,  2970,  6295,  3363, 10430, 10896,
        12621,  9942,  8553,  9799, 12414, 12125, 14101,  9738, 10962,  4499,
         4580,  2541,  7142, 12186, 14418,  6307,  6352,  8671, 14567,  5272,
         4980,  4797,  2796, 10807, 10295,  5235, 11826,  9691,   357,  1481,
         1485,  6990,  6919,  3728, 11127,  5429, 13926,  6739,  9436,  2826,
         2953,  7547, 14609,  6336,   496,  2532,  8697,  5784,   684, 10143,
          418, 11463,  7345, 11334,  9915,  7783, 10467, 13922, 14532,  8992,
         4669, 10680, 11520,  2896, 11707, 12069,  7010,  3926,     3,  5078,
         7916,  7237,  6185,  2589,  4869,  2628,  2408,  4684,  4400,  6485,
        12096,  6669, 10581, 12322,  7620,  3477,  5099,  9421, 11250, 13645,
        10198, 12886,  4719, 11426, 11289, 10747,  9429,  7758,  7729,  1373,
         3225,  9948, 11093,  9980,  8421,  1798,  1199,  9590,  1691,  2627,
         6216,  7518, 10380, 12605,  8167,  7257, 13367,  6010,  7956, 10983,
        11274,   748,   505,    90,  5855,  8971,  4067,  4242,   200,  8928,
         2944,  7584,  9393, 14221,  4104,  7734,  8952,   481,  9662,  9693,
         4681,  1554,  6414,  9884, 14346,  3455,  4764, 13571, 10535,  1889,
         4972,  5001, 14430,  5523, 10981,   846, 12819,  7852,  2165,  1679,
        13885,  1125,   519, 13797,  5701,  3977, 11204,  9803,  2333,  3093,
         9307,  3759,  6989,  4771,  2411,  4577, 13462,  7488,  4352, 13191,
        12066, 10958,  3182, 11404, 12602, 13149,   359, 13784, 11578,  3839,
         2841,   263,   228,  1706, 13754,  3849, 11271,  1918,  3062,  6586,
         7409, 11624,  2013, 13279, 11353,  2300,  3674, 11363,  8784,  8690,
         4786,  3614,  3619, 11680,  2347,  4465,  6342, 10035, 10253,  3311,
        12027, 12112,  4932,  5813,   156,  9594], dtype=torch.int32)
#####group_items
tensor([4323, 8184, 7801, 8334, 7712, 5088, 5354, 4191, 6288, 6682, 5710, 5951,
        5830,  612, 3784, 3794, 7197, 4426, 8699, 3003, 5584, 2023, 7190, 2522,
        1076, 4346, 2509, 2865, 1217, 8456, 2984, 7833, 5648, 2825, 4581, 3596,
        3274, 7709, 5668, 5447, 6703, 7374, 5432, 8614, 6839, 2184, 7889, 3371,
        5904, 6815, 4090, 5295, 7070, 4026, 6058, 6878, 4127, 2460, 2269, 3857,
        5523, 8598, 7415, 2687, 6236, 3771, 5979, 4711, 5108, 8688, 6340, 7361,
         518, 6285, 5546, 6872, 4576, 2360, 6512, 6382, 6884, 5122, 7986, 5286,
        4726, 7825, 3791, 1987, 6121, 7889, 4912, 3561, 7382, 4117, 3358, 6393,
        6215, 6997, 6047, 4359, 7664, 6525, 2305, 4229, 3997, 6403, 7755, 6820,
        6204, 6041, 1274, 6533, 2633, 8135, 5149, 8345, 5651, 8238, 4501, 8171,
        1717, 4580, 2023, 6340, 4061, 5180, 1546, 5277, 7889, 7389,  774, 3273,
        8150, 4747, 6757, 2769, 7245, 5855, 7408,  684, 3681, 4827, 1767, 5066,
        6123, 6781, 6800, 4190,  761, 2650, 1646, 2563, 6648, 3617, 5881, 2512,
        5204, 1242, 1569, 3010,  725, 8580,   62, 3961, 8037, 7977, 5710, 3865,
        4470, 6000, 1407, 5611, 1087, 8203, 5003, 5043, 7026, 7653, 8408, 8612,
        4745, 6872, 7150, 8535, 5497, 5242, 5539, 7706, 3233, 6615, 6173, 4226,
        6711, 7800, 4463, 7696, 5122, 1198, 4483,  134, 8551,  990, 5661, 5765,
        8623, 3222, 6863, 6781, 6156, 7278, 7330, 2666, 4425,  474, 6919, 2984,
        7673, 2623, 1336, 6518, 8511, 3964,  959, 1880, 8032, 7160, 7788, 7144,
        4550, 4423, 4832, 4090, 7997, 2538, 1800,  333, 5495, 7155, 3940, 2706,
        4741,  840, 5853, 8118, 6393, 3849, 1719, 7962,  589, 8543, 3133, 4354,
        4377, 4033, 4448, 8417], dtype=torch.int32)
#####group_historys
tensor([[5111, 5113, 7655, 3471],
        [4550, 4857, 5109, 8005],
        [5562, 7853, 7796, 7799],
        ...,
        [4058, 5371, 2694, 3463],
        [1099, 5277,  284, 2133],
        [1873, 4590, 5393, 6872]], dtype=torch.int32)
#####group_feedbacks
tensor([[1, 1, 1, 1],
        [1, 1, 1, 1],
        [1, 1, 1, 1],
        ...,
        [1, 1, 1, 1],
        [0, 1, 1, 1],
        [1, 1, 1, 1]], dtype=torch.int32)
#####group_negative_items
tensor([[4616],
        [4896],
        [7355],
        [  35],
        [7158],
        [7046],
        [1352],
        [2184],
        [5171],
        [6679],
        [3434],
        [ 743],
        [ 838],
        [8684],
        [6455],
        [5842],
        [8565],
        [5130],
        [8176],
        [1190],
        [4195],
        [6634],
        [2672],
        [4293],
        [7976],
        [3818],
        [ 569],
        [1079],
        [3495],
        [3780],
        [7678],
        [8294],
        [3958],
        [3396],
        [6660],
        [7889],
        [7518],
        [6857],
        [2521],
        [7960],
        [4986],
        [4605],
        [4083],
        [2781],
        [2555],
        [7006],
        [1323],
        [3021],
        [5355],
        [ 456],
        [ 222],
        [1019],
        [6716],
        [4814],
        [1355],
        [8349],
        [6953],
        [6350],
        [8243],
        [2147],
        [ 913],
        [2230],
        [2536],
        [2822],
        [6068],
        [3601],
        [6959],
        [2603],
        [7386],
        [3209],
        [ 435],
        [6613],
        [6389],
        [7507],
        [7229],
        [1102],
        [4778],
        [6517],
        [7570],
        [7319],
        [ 257],
        [7280],
        [2022],
        [6224],
        [8194],
        [4606],
        [8101],
        [6864],
        [4094],
        [3211],
        [7053],
        [2760],
        [5558],
        [6949],
        [3140],
        [2905],
        [7070],
        [4118],
        [2219],
        [8388],
        [  40],
        [7455],
        [7154],
        [5832],
        [1955],
        [ 770],
        [3093],
        [4804],
        [5346],
        [8592],
        [4897],
        [5250],
        [7092],
        [4985],
        [6236],
        [6106],
        [3453],
        [7165],
        [4074],
        [7349],
        [4851],
        [8404],
        [1399],
        [2081],
        [8495],
        [1604],
        [5417],
        [ 188],
        [5956],
        [8107],
        [1880],
        [7684],
        [7320],
        [7868],
        [5660],
        [7602],
        [7686],
        [ 660],
        [3658],
        [2889],
        [ 575],
        [1884],
        [1691],
        [5180],
        [3310],
        [3169],
        [2026],
        [2382],
        [5637],
        [3488],
        [1996],
        [8130],
        [6829],
        [7019],
        [6153],
        [6286],
        [4947],
        [1646],
        [ 478],
        [1472],
        [6362],
        [3527],
        [2328],
        [ 322],
        [ 837],
        [8163],
        [1667],
        [4749],
        [2789],
        [7345],
        [3786],
        [3646],
        [7252],
        [3565],
        [5944],
        [4962],
        [3420],
        [8124],
        [4891],
        [5877],
        [6723],
        [1346],
        [ 786],
        [ 185],
        [6547],
        [6913],
        [7544],
        [5717],
        [1505],
        [ 201],
        [7610],
        [6619],
        [6354],
        [1272],
        [3700],
        [6453],
        [4571],
        [7098],
        [4715],
        [2543],
        [6119],
        [5216],
        [1710],
        [3621],
        [5539],
        [  53],
        [7360],
        [ 947],
        [7167],
        [5743],
        [1795],
        [6704],
        [7481],
        [8711],
        [2873],
        [8208],
        [4825],
        [5854],
        [7015],
        [4869],
        [7806],
        [  33],
        [8076],
        [6054],
        [1145],
        [ 157],
        [6551],
        [4319],
        [8284],
        [5296],
        [6189],
        [ 593],
        [ 175],
        [7531],
        [3436],
        [6275],
        [5395],
        [7315],
        [3701],
        [4766],
        [4428],
        [4796],
        [6155],
        [2439],
        [7570],
        [3757],
        [3396],
        [ 485],
        [5776],
        [1504],
        [2130],
        [5660],
        [8103],
        [2244],
        [1495],
        [5693]])
#####ccc
[[4323 4616]
 [8184 4896]
 [7801 7355]
 [8334   35]
 [7712 7158]
 [5088 7046]
 [5354 1352]
 [4191 2184]
 [6288 5171]
 [6682 6679]
 [5710 3434]
 [5951  743]
 [5830  838]
 [ 612 8684]
 [3784 6455]
 [3794 5842]
 [7197 8565]
 [4426 5130]
 [8699 8176]
 [3003 1190]
 [5584 4195]
 [2023 6634]
 [7190 2672]
 [2522 4293]
 [1076 7976]
 [4346 3818]
 [2509  569]
 [2865 1079]
 [1217 3495]
 [8456 3780]
 [2984 7678]
 [7833 8294]
 [5648 3958]
 [2825 3396]
 [4581 6660]
 [3596 7889]
 [3274 7518]
 [7709 6857]
 [5668 2521]
 [5447 7960]
 [6703 4986]
 [7374 4605]
 [5432 4083]
 [8614 2781]
 [6839 2555]
 [2184 7006]
 [7889 1323]
 [3371 3021]
 [5904 5355]
 [6815  456]
 [4090  222]
 [5295 1019]
 [7070 6716]
 [4026 4814]
 [6058 1355]
 [6878 8349]
 [4127 6953]
 [2460 6350]
 [2269 8243]
 [3857 2147]
 [5523  913]
 [8598 2230]
 [7415 2536]
 [2687 2822]
 [6236 6068]
 [3771 3601]
 [5979 6959]
 [4711 2603]
 [5108 7386]
 [8688 3209]
 [6340  435]
 [7361 6613]
 [ 518 6389]
 [6285 7507]
 [5546 7229]
 [6872 1102]
 [4576 4778]
 [2360 6517]
 [6512 7570]
 [6382 7319]
 [6884  257]
 [5122 7280]
 [7986 2022]
 [5286 6224]
 [4726 8194]
 [7825 4606]
 [3791 8101]
 [1987 6864]
 [6121 4094]
 [7889 3211]
 [4912 7053]
 [3561 2760]
 [7382 5558]
 [4117 6949]
 [3358 3140]
 [6393 2905]
 [6215 7070]
 [6997 4118]
 [6047 2219]
 [4359 8388]
 [7664   40]
 [6525 7455]
 [2305 7154]
 [4229 5832]
 [3997 1955]
 [6403  770]
 [7755 3093]
 [6820 4804]
 [6204 5346]
 [6041 8592]
 [1274 4897]
 [6533 5250]
 [2633 7092]
 [8135 4985]
 [5149 6236]
 [8345 6106]
 [5651 3453]
 [8238 7165]
 [4501 4074]
 [8171 7349]
 [1717 4851]
 [4580 8404]
 [2023 1399]
 [6340 2081]
 [4061 8495]
 [5180 1604]
 [1546 5417]
 [5277  188]
 [7889 5956]
 [7389 8107]
 [ 774 1880]
 [3273 7684]
 [8150 7320]
 [4747 7868]
 [6757 5660]
 [2769 7602]
 [7245 7686]
 [5855  660]
 [7408 3658]
 [ 684 2889]
 [3681  575]
 [4827 1884]
 [1767 1691]
 [5066 5180]
 [6123 3310]
 [6781 3169]
 [6800 2026]
 [4190 2382]
 [ 761 5637]
 [2650 3488]
 [1646 1996]
 [2563 8130]
 [6648 6829]
 [3617 7019]
 [5881 6153]
 [2512 6286]
 [5204 4947]
 [1242 1646]
 [1569  478]
 [3010 1472]
 [ 725 6362]
 [8580 3527]
 [  62 2328]
 [3961  322]
 [8037  837]
 [7977 8163]
 [5710 1667]
 [3865 4749]
 [4470 2789]
 [6000 7345]
 [1407 3786]
 [5611 3646]
 [1087 7252]
 [8203 3565]
 [5003 5944]
 [5043 4962]
 [7026 3420]
 [7653 8124]
 [8408 4891]
 [8612 5877]
 [4745 6723]
 [6872 1346]
 [7150  786]
 [8535  185]
 [5497 6547]
 [5242 6913]
 [5539 7544]
 [7706 5717]
 [3233 1505]
 [6615  201]
 [6173 7610]
 [4226 6619]
 [6711 6354]
 [7800 1272]
 [4463 3700]
 [7696 6453]
 [5122 4571]
 [1198 7098]
 [4483 4715]
 [ 134 2543]
 [8551 6119]
 [ 990 5216]
 [5661 1710]
 [5765 3621]
 [8623 5539]
 [3222   53]
 [6863 7360]
 [6781  947]
 [6156 7167]
 [7278 5743]
 [7330 1795]
 [2666 6704]
 [4425 7481]
 [ 474 8711]
 [6919 2873]
 [2984 8208]
 [7673 4825]
 [2623 5854]
 [1336 7015]
 [6518 4869]
 [8511 7806]
 [3964   33]
 [ 959 8076]
 [1880 6054]
 [8032 1145]
 [7160  157]
 [7788 6551]
 [7144 4319]
 [4550 8284]
 [4423 5296]
 [4832 6189]
 [4090  593]
 [7997  175]
 [2538 7531]
 [1800 3436]
 [ 333 6275]
 [5495 5395]
 [7155 7315]
 [3940 3701]
 [2706 4766]
 [4741 4428]
 [ 840 4796]
 [5853 6155]
 [8118 2439]
 [6393 7570]
 [3849 3757]
 [1719 3396]
 [7962  485]
 [ 589 5776]
 [8543 1504]
 [3133 2130]
 [4354 5660]
 [4377 8103]
 [4033 2244]
 [4448 1495]
 [8417 5693]]
<class 'numpy.ndarray'>
#####ccatory
tensor([[ 0, 13],
        [ 0,  0],
        [ 0,  0],
        [ 0,  0],
        [ 0,  0],
        [ 0,  0],
        [ 0,  0],
        [ 0,  0],
        [21,  0],
        [ 0,  0],
        [ 0,  0],
        [ 0,  0],
        [ 0,  0],
        [ 0,  0],
        [ 0,  0],
        [ 0,  0],
        [ 0,  0],
        [ 0,  0],
        [ 0,  0],
        [ 0,  0],
        [ 0,  0],
        [ 0,  0],
        [ 0,  0],
        [ 0,  0],
        [ 0,  0],
        [ 0,  0],
        [ 0,  0],
        [ 0,  0],
        [ 0,  0],
        [ 0,  0],
        [ 0,  0],
        [ 0,  0],
        [ 0,  0],
        [ 0,  0],
        [ 0,  0],
        [ 0,  0],
        [ 0,  0],
        [ 0,  0],
        [ 0,  0],
        [ 0,  0],
        [ 0,  0],
        [ 0,  0],
        [ 0,  0],
        [ 0,  0],
        [ 0,  0],
        [ 0,  0],
        [ 0,  0],
        [ 0,  0],
        [ 0,  0],
        [ 2,  0],
        [ 0,  0],
        [ 0,  0],
        [ 0,  0],
        [ 0,  0],
        [ 0,  0],
        [ 0,  0],
        [ 0,  0],
        [ 0,  0],
        [ 0,  0],
        [ 0,  0],
        [ 0,  0],
        [ 0, 52],
        [ 0,  0],
        [ 0,  0],
        [ 0,  0],
        [ 0,  0],
        [ 0,  0],
        [11,  0],
        [ 0,  0],
        [ 0,  0],
        [ 0,  0],
        [ 0,  0],
        [ 0,  0],
        [ 0,  0],
        [ 0,  0],
        [ 0,  0],
        [ 0,  0],
        [ 0,  0],
        [ 0,  0],
        [ 0,  0],
        [ 0,  0],
        [ 0,  0],
        [ 0,  0],
        [ 0,  0],
        [ 0,  0],
        [ 0,  0],
        [ 0,  0],
        [ 0,  0],
        [ 0,  0],
        [ 0,  0],
        [ 0,  0],
        [ 0,  0],
        [ 0,  0],
        [ 0, 52],
        [ 0,  0],
        [ 0,  0],
        [ 0,  0],
        [ 0,  0],
        [ 0,  0],
        [ 0,  0],
        [ 0,  0],
        [ 0,  0],
        [ 0,  0],
        [ 0,  0],
        [ 0,  0],
        [ 0,  0],
        [ 0,  0],
        [ 0,  0],
        [ 0,  0],
        [ 0,  0],
        [ 0,  0],
        [30,  0],
        [ 0,  0],
        [ 0,  0],
        [ 0,  0],
        [ 0,  0],
        [ 0,  0],
        [ 0, 26],
        [ 0,  0],
        [12,  0],
        [ 0,  0],
        [ 0,  0],
        [ 0,  0],
        [ 0,  0],
        [ 0,  0],
        [ 0,  0],
        [ 0,  0],
        [30,  0],
        [ 0,  0],
        [ 0,  0],
        [ 0,  0],
        [ 0,  0],
        [ 0,  0],
        [ 0,  0],
        [ 0,  0],
        [ 0,  0],
        [ 0,  0],
        [ 0,  0],
        [ 0,  0],
        [ 0,  0],
        [ 0,  0],
        [ 0,  0],
        [ 0,  0],
        [ 0,  0],
        [ 0,  0],
        [ 0,  0],
        [ 0,  0],
        [32,  0],
        [ 0,  0],
        [ 0,  0],
        [ 0,  0],
        [ 0,  0],
        [ 0,  0],
        [ 0,  0],
        [ 0,  0],
        [ 0,  0],
        [ 0,  0],
        [ 0,  0],
        [ 0,  0],
        [ 0, 44],
        [ 0,  0],
        [ 0,  0],
        [ 0, 54],
        [30,  0],
        [ 0,  0],
        [ 0,  0],
        [ 0,  0],
        [ 0,  0],
        [ 0,  0],
        [ 0,  0],
        [ 0,  0],
        [ 0,  0],
        [47,  0],
        [ 0,  0],
        [ 0,  0],
        [ 0,  0],
        [ 0,  0],
        [ 0,  0],
        [ 7,  0],
        [ 0,  0],
        [ 0,  0],
        [ 0,  0],
        [ 0,  0],
        [ 0,  0],
        [ 0,  0],
        [ 0, 30],
        [ 0,  0],
        [ 0,  0],
        [ 0,  0],
        [ 0,  0],
        [ 0,  0],
        [ 0,  0],
        [ 0,  0],
        [ 0,  0],
        [ 0,  0],
        [ 0,  0],
        [ 0,  0],
        [ 0,  0],
        [ 0,  0],
        [ 0,  0],
        [ 0,  0],
        [ 0,  0],
        [ 0,  0],
        [ 0,  0],
        [ 0,  0],
        [ 0, 52],
        [ 0,  0],
        [ 0,  0],
        [ 0,  0],
        [ 0,  0],
        [ 0,  0],
        [ 0,  0],
        [ 0,  0],
        [ 0,  0],
        [ 0,  0],
        [ 0,  0],
        [ 0,  0],
        [ 0,  0],
        [ 0,  0],
        [ 0,  0],
        [ 0,  0],
        [ 0,  0],
        [ 0,  0],
        [ 0,  0],
        [ 0,  0],
        [ 0,  0],
        [ 0,  0],
        [ 0,  0],
        [ 0,  0],
        [ 0,  0],
        [ 0,  0],
        [ 0,  0],
        [35,  0],
        [ 0,  0],
        [ 0,  0],
        [ 0,  0],
        [ 0,  0],
        [ 0,  0],
        [ 0,  0],
        [ 0,  0],
        [ 0,  0],
        [ 0,  0],
        [ 0,  0],
        [ 0,  0],
        [ 0,  0],
        [ 0,  0],
        [ 0,  0],
        [ 0,  0],
        [ 0,  0],
        [ 0,  0],
        [ 0,  0],
        [ 0,  0],
        [ 0,  0],
        [ 0,  0],
        [ 0,  0],
        [ 0,  0]], dtype=torch.int32)
#####relational_interval
torch.Size([512, 3])
#####idxlist[start_idx:end_idx]
[8025, 10814, 7415, 8147, 8234, 7785, 6929, 9295, 6346, 4380, 10605, 8611, 7331, 9003, 8032, 7661, 1959, 10104, 2862, 3138, 5839, 2197, 8181, 7745, 5344, 2395, 5066, 2706, 8413, 8779, 10143, 8017, 6889, 7896, 9981, 9756, 11330, 7842, 8839, 3614, 3681, 2049, 5759, 9803, 11591, 5075, 5115, 6986, 11705, 4235, 3999, 3852, 2254, 8706, 8297, 4208, 9507, 7805, 284, 1190, 1193, 5632, 5575, 2998, 8957, 4367, 11185, 5432, 7592, 2280, 2380, 6085, 11741, 5101, 390, 2042, 7009, 4640, 553, 8182, 334, 9220, 5925, 9119, 7991, 6270, 8444, 11182, 11673, 7236, 3748, 8608, 9267, 2340, 9414, 9710, 5650, 3155, 2, 4083, 6380, 5836, 4979, 2089, 3907, 2122, 1934, 3760, 3529, 5223, 9733, 5375, 8535, 9903, 6135, 2800, 4101, 7580, 9055, 10969, 8217, 10356, 3786, 9190, 9084, 8660, 7586, 6248, 6224, 1103, 2597, 8022, 8935, 8048, 6786, 1450, 961, 7721, 1366, 2121, 4999, 6061, 8370, 10131, 6577, 5850, 10743, 4832, 6411, 8857, 9075, 604, 399, 68, 4698, 7218, 3265, 3409, 156, 7190, 2375, 6112, 7557, 11433, 3295, 6228, 7204, 380, 7783, 7806, 3757, 1249, 5170, 7964, 11532, 2784, 3823, 10909, 8493, 1522, 3994, 4018, 11600, 4442, 8855, 678, 10298, 6326, 1737, 1355, 11152, 896, 411, 11084, 4579, 3193, 9019, 7899, 1872, 2496, 7485, 3022, 5631, 3828, 1937, 3678, 10825, 6036, 3493, 10597, 9707, 8835, 2563, 9177, 10128, 10563, 286, 11074, 9310, 3086, 2294, 212, 182, 1380, 11050, 3093, 9073, 1549, 2468, 5306, 5975, 9349, 1620, 10664, 9135, 1847, 2954, 9141, 7080, 7003, 3841, 2905, 2908, 9391, 1882, 3584, 5106, 8090, 8263, 2666, 9674, 9745, 3959, 4664, 122, 7724]
