(tensor([14030, 14331,  2429, 12931,  7184,  8067, 10788,  4968, 12217, 10997,
         1211, 10195, 11664,  4255,  9206,  8489,   187, 14282,  1276, 10147,
         1203,  7646, 10835,  8396,   834,  5553,  2756, 12387, 10305, 11540,
        13467,  9103,  7909,  8018,  7274,  8261,  9052,  6122, 10375, 14043,
         8884, 11415,  1144,  9978,  7382,  2013, 13608, 13513, 12679,   267,
        14224, 11142, 10690,  6016, 10364,  3330, 13553,  8761, 11082, 12009,
        13954,  2029,  8768,  4193,   308, 10224,  7202, 13112, 12277,  7972,
         2133,  9506,  3837,   200, 11245,  1912,  5646,  5581,  4391,  6475,
         5235,  8552,   858,  1329,  6752,  7890, 11849,  7104, 11643, 12426,
         3970, 12007, 13236,  6427, 12105,  3367, 13164,  9776,  8846,  8704,
         2200,  5674, 12058,  9995, 14198, 12844,  9214,  4093, 13459,  9298,
        12696,   886,   708,  3301,  2216, 12361, 13635,  3863, 13676, 13348,
         7942,  6468, 11495,  4833,  5703, 12383,  1461, 12741,  8234, 10738,
         4466,  9249,  6585,  9431,  4490,  5755,  4814,  8998,  1298,  1883,
         9735,  3496,  4389,  9817, 10161, 14354, 11206,   821,  4909,  4854,
        13090,  5896,   988,  4002,  9914,  2624,  1471, 10982, 14173, 14155,
        13526,  6909,  5914,  1003,  6390,  6469,  1775,  3900, 10142, 10392,
         5474, 12220, 14016,  5719, 10754, 13576,  6400, 13559,  6296, 12871,
         5884, 13860,  5089,  7925,  3509,  2748,  2815,  8794,   738,  4786,
           44,  1627,  6478,  8965,  4819,  7198,   900,  3361, 13430,  1396,
        11866,   206, 11763,  7145, 12567, 10123, 14246, 12234, 14079,  4523,
         2859,  2534, 12549,  2413, 12969,  1393, 14242, 11624,  2654,  7724,
        11035, 12531,  2093,  5831, 14564,  5899,  8385, 14249, 14612,  6590,
         4661,  4703, 11147, 10210,  7944,  7157, 11277,  4317,  2743,  9739,
         2249,  2594,  8416,   398,  1928,  9531,  1672,  1924,  4887, 14629,
         7349, 13783,   914,  6096,  6781,  8764], dtype=torch.int32), tensor([4928, 2522, 2247, 7653, 3009, 3391, 1319, 4338, 3965,  568, 6886,  341,
        5042, 5599, 2412, 4369, 3596,  153, 4136, 6153,  637, 2324, 8169, 4968,
        2926, 7066, 1569, 2580, 5122, 8463, 1710, 7209, 3962,  522, 2855, 7070,
        4461, 7154, 4296, 2828,  598, 3739, 6322, 1107, 8311, 7996, 3045, 6528,
        1950, 8154, 3607, 3745,  285, 5193,  926, 2204, 2366, 6318, 3080,  153,
        7353,   44, 2617,  204, 7625, 8286, 3268, 5980, 3745, 7864, 3048, 8193,
        8466,  299, 3048, 1626, 5828, 8567,  182,  362, 5933,  111,  706, 7580,
        5926, 6685, 8376, 6815, 8332, 5426, 6802,  728, 4405, 3165, 3685, 2121,
        1142, 5164, 5100, 8172, 8373, 3237, 5333, 6600, 7711, 5504, 6058, 6694,
        2321, 5354, 3201, 3755, 4016, 6378,  470, 4688, 1378, 2259, 1291,  593,
        7898,  444, 6281, 7012, 7218, 6634, 7119, 6577, 1087, 2255, 8443, 1441,
        3173, 7155,  144, 6069, 5354, 3393, 3236, 3078, 2920, 3241, 7654, 2126,
        8589, 3904, 1725, 5617, 4435, 2859, 4550, 3022, 1646, 4552, 5976, 4656,
        3563, 7226, 2393, 8270, 7153, 5511, 7933, 6202, 2679,  137, 2449,  782,
        4280, 6276, 1569, 6034, 4665, 2769, 6674, 4380, 3758, 1721, 1775,  593,
        2833, 1936, 4996, 4867, 2471, 2531, 5764, 1120, 4089, 4736, 2679, 4328,
        6705, 4953, 4778, 6270, 4682, 7931, 2462, 7441, 2063, 4690, 5881, 5915,
        2838, 6236, 3343, 2867, 6051, 5052,  144, 7355, 5073, 1568, 3589,   61,
        2566, 3816, 1177,   65, 5668, 3336, 1936, 3930, 3371, 1141, 3508, 8527,
        2374, 1016, 5475, 3261, 6710, 6815,   36, 6335, 2032, 2683, 3471,  773,
        2398, 3746, 2101, 4665, 7005, 7882, 7292, 4690, 4092, 2668, 7485, 6872,
        4596, 2191, 1482, 4726], dtype=torch.int32), tensor([[3816, 3964, 1242],
        [2034,  231, 2204],
        [1778, 3829, 6568],
        [7154, 7629, 7893],
        [2563, 4763, 2926],
        [ 648, 6080,  731],
        [1482, 1453, 3048],
        [4266, 7022, 7164],
        [2530, 1087, 3961],
        [1419,  937, 5085],
        [5027, 5543, 2670],
        [ 707,  812, 1433],
        [3286, 4115, 4921],
        [ 588, 2154, 4139],
        [6344, 6232, 6340],
        [ 682, 1112, 2137],
        [ 311, 2633, 2735],
        [3969, 3691, 3970],
        [   2, 7198,  140],
        [3965, 1095, 1242],
        [3992, 6123,  630],
        [1887, 6322, 6994],
        [6136, 7437, 8168],
        [5216, 7401, 1489],
        [4549, 4871,  117],
        [1257, 4977, 6485],
        [ 493, 4739,  495],
        [3105, 2633, 2634],
        [5503, 3096,  593],
        [6281, 6940, 1808],
        [5060, 6155, 6310],
        [1506,  307, 3527],
        [ 712, 5605, 2285],
        [2677, 5707, 5354],
        [ 190,   83, 3681],
        [1029, 3405, 6205],
        [1242, 4932, 6836],
        [5926, 6054, 6583],
        [5073, 7561, 2563],
        [1784, 2826, 2827],
        [4901, 4651, 2723],
        [1433, 3580, 3624],
        [3349, 1216, 5481],
        [2746, 2736,  325],
        [7155, 7889, 2740],
        [7461, 8000, 4423],
        [1638, 1642,  966],
        [3107, 1589, 5759],
        [5173, 4723,  794],
        [7806, 4377, 4778],
        [ 888, 1687, 1170],
        [1242, 1855, 2741],
        [4267, 7072, 5974],
        [1578, 3033, 3922],
        [ 937, 2514, 2966],
        [1608, 7683, 1162],
        [1674, 2187, 2361],
        [4320, 6135, 6319],
        [ 739, 1963, 3045],
        [5182,  954, 5434],
        [1242, 3905, 4765],
        [2204, 2393, 4852],
        [5401,  662, 4666],
        [2004, 7724, 5698],
        [2305, 3342, 7436],
        [1548, 2266,  254],
        [4092,  913, 1524],
        [2753, 3817, 4765],
        [3832,  721,  718],
        [ 768,  667,  403],
        [ 564, 1856,  966],
        [5846, 5497, 4957],
        [5447, 5710, 5742],
        [2682, 5481, 6018],
        [1654,  565, 1277],
        [1112,  376, 2966],
        [7166, 5963, 5306],
        [6208,   27, 5094],
        [ 510, 1267, 4382],
        [3429,   58,  356],
        [2016, 4258, 7952],
        [2549, 1785, 2383],
        [3961, 4927, 5354],
        [1261, 4026, 4556],
        [4550, 5565, 7949],
        [ 735,  752, 5414],
        [ 518, 4740, 5358],
        [3559, 4928, 5966],
        [5334, 6976, 7272],
        [1936, 2154, 3051],
        [ 240, 2713, 6450],
        [7750, 6598, 6934],
        [3036, 3038, 3480],
        [1135, 6994, 3325],
        [7153, 6998, 6583],
        [3623, 3970, 5184],
        [8191,  761, 8132],
        [5749, 4981, 3930],
        [ 769, 1793, 4937],
        [6041, 4837, 7748],
        [6211, 5851, 8091],
        [ 684, 1113, 1112],
        [3965, 1242, 5890],
        [4094, 1242, 6154],
        [2144, 4134, 7433],
        [ 240, 4862, 1137],
        [5565,  470, 5113],
        [7143, 7445, 8116],
        [ 183, 2065, 5449],
        [1936, 1087, 4927],
        [ 128, 2591, 1544],
        [ 855, 2432, 3319],
        [1353, 2693, 3115],
        [7343, 1145, 1560],
        [5328, 6377, 6872],
        [4622, 1128, 4771],
        [1808,  579, 2491],
        [5043, 2393, 1569],
        [ 687,  678, 2841],
        [4550, 6180, 3909],
        [7579, 7806, 7896],
        [ 538,  990, 1892],
        [ 871, 1715, 2391],
        [2667, 6339, 6343],
        [4275, 1837, 2283],
        [2973,   34, 5255],
        [2664, 6647, 6677],
        [4301, 6710, 4669],
        [2634, 2735, 2432],
        [4863, 1626, 4765],
        [ 377, 8671, 7347],
        [1801, 6459, 7140],
        [4066, 2830, 5811],
        [7154,  529, 8311],
        [4242, 1650, 6328],
        [5504, 5881, 6014],
        [3961, 3816, 1095],
        [ 968,  971, 1018],
        [1912, 1845, 1242],
        [3080, 1366, 8371],
        [1325, 1926, 2922],
        [ 988, 1013, 1892],
        [6331, 6836, 2775],
        [5892, 6478, 1791],
        [5184, 6008, 3048],
        [3118, 2794, 3048],
        [1821, 8629,  135],
        [2479, 3099, 5594],
        [4143, 5386, 6633],
        [5143, 5056, 5819],
        [4549, 5650, 6385],
        [1602, 3057, 5257],
        [ 323, 1358, 1359],
        [3021, 3028, 4551],
        [1998,  503, 2685],
        [2904, 2903, 7767],
        [2615, 3201, 3244],
        [2290, 5698, 6872],
        [  27,  183,  869],
        [1492, 1820, 6880],
        [3964, 3022, 3051],
        [3513, 2785, 3210],
        [ 745, 2335, 7206],
        [3927, 5178, 5179],
        [1291, 1258, 1558],
        [3465, 6393, 6872],
        [5018,  468, 1755],
        [1458, 1816, 6829],
        [5209, 7288, 3256],
        [2023, 4117, 4764],
        [ 608, 1191, 3521],
        [5680, 4643, 5199],
        [ 774, 4687, 3335],
        [2112, 1827, 5313],
        [1467, 1216,  337],
        [ 539,  601, 2885],
        [3243, 7623, 4725],
        [6251, 7462, 7820],
        [2290,   52, 1774],
        [4000, 3709, 6792],
        [1265, 1282, 2832],
        [3053, 7529, 1458],
        [ 119, 3365, 3628],
        [ 585, 2157, 1546],
        [2452, 2456, 2468],
        [ 611,  334,  882],
        [ 555, 3798, 4116],
        [ 823,  825, 1546],
        [ 674, 2968, 3963],
        [4579, 2660, 4184],
        [1569, 2530, 2926],
        [4327, 5204, 1911],
        [4328, 1959, 2631],
        [3026, 4550, 3024],
        [6340, 4055, 7245],
        [5023, 5881, 5879],
        [5131,  598, 4678],
        [1336, 3053, 4054],
        [ 598, 2697, 6322],
        [5694, 4540, 1386],
        [3700, 3058, 5065],
        [3826, 1556, 4169],
        [ 555,  342, 4019],
        [5475,  333, 5900],
        [4728, 2799, 6234],
        [3964, 3965, 5904],
        [ 796, 1835, 2533],
        [1506, 4607, 5641],
        [7821, 5113,  593],
        [4549, 4568, 3012],
        [5452, 6903,  230],
        [4517, 5101,  585],
        [1467, 7413, 2868],
        [1649, 1560, 1566],
        [3580, 3437, 3586],
        [1936, 4709, 5691],
        [4143, 5516, 2563],
        [1470, 3640, 3233],
        [ 512,  547,  886],
        [2563, 7093,  519],
        [1242, 4929, 5354],
        [1882, 2180, 1267],
        [ 764,  765, 1304],
        [3883, 3961, 6355],
        [3724, 8051, 3364],
        [ 555, 2486,  381],
        [5268, 7388, 4448],
        [4191, 3896, 3402],
        [4384, 2541, 1741],
        [2921, 2919, 2920],
        [7788, 3967, 3968],
        [ 747,  855, 1654],
        [ 810, 2121, 3361],
        [3816, 6179, 6601],
        [4277, 4831, 5851],
        [ 866, 2479, 2687],
        [ 689,  954, 5754],
        [5387, 4086, 2617],
        [1384, 1389, 2989],
        [5554, 3126,   76],
        [1116, 4809, 2409],
        [2735, 2623, 2624],
        [2209,  285, 1259],
        [ 805, 3371, 3842],
        [3176, 3096, 1193],
        [ 598, 4168, 7433],
        [5397, 6872, 7155],
        [ 577, 2548, 2812],
        [2623, 2624, 3961],
        [ 909,  513, 3578],
        [6477, 3647, 5122],
        [2392, 4732, 5074],
        [1602, 4313, 4308],
        [4111, 7151, 1508],
        [ 918, 1783, 1481],
        [2392, 1574, 4131]], dtype=torch.int32), tensor([[1, 1, 1],
        [1, 1, 1],
        [1, 1, 1],
        [1, 1, 1],
        [1, 1, 1],
        [1, 1, 1],
        [0, 1, 1],
        [1, 1, 1],
        [1, 1, 1],
        [0, 1, 1],
        [1, 1, 1],
        [1, 1, 1],
        [0, 1, 0],
        [1, 1, 1],
        [0, 1, 0],
        [1, 1, 1],
        [0, 1, 1],
        [1, 1, 1],
        [1, 1, 1],
        [0, 1, 0],
        [1, 1, 1],
        [1, 1, 1],
        [1, 1, 1],
        [1, 1, 1],
        [1, 1, 1],
        [1, 1, 1],
        [1, 1, 0],
        [0, 1, 0],
        [0, 1, 1],
        [1, 0, 1],
        [1, 1, 1],
        [1, 1, 1],
        [1, 0, 1],
        [0, 1, 1],
        [1, 1, 1],
        [1, 1, 0],
        [0, 1, 0],
        [1, 1, 0],
        [1, 1, 1],
        [1, 1, 1],
        [1, 1, 1],
        [1, 1, 1],
        [1, 1, 1],
        [1, 1, 1],
        [1, 1, 0],
        [1, 0, 1],
        [1, 1, 1],
        [1, 1, 1],
        [0, 1, 1],
        [1, 1, 1],
        [0, 1, 1],
        [1, 1, 1],
        [0, 1, 1],
        [1, 1, 1],
        [1, 1, 1],
        [0, 1, 1],
        [1, 1, 1],
        [0, 1, 1],
        [1, 1, 0],
        [1, 1, 1],
        [1, 1, 1],
        [1, 1, 1],
        [0, 0, 1],
        [1, 1, 0],
        [1, 1, 1],
        [1, 1, 0],
        [1, 1, 1],
        [1, 1, 1],
        [0, 1, 1],
        [1, 1, 1],
        [1, 1, 1],
        [1, 1, 1],
        [0, 1, 1],
        [1, 1, 1],
        [1, 1, 0],
        [1, 1, 1],
        [1, 1, 1],
        [1, 1, 0],
        [1, 1, 1],
        [1, 1, 1],
        [1, 1, 1],
        [1, 0, 1],
        [1, 0, 1],
        [0, 0, 1],
        [1, 1, 1],
        [1, 1, 1],
        [1, 1, 1],
        [1, 1, 1],
        [0, 1, 1],
        [1, 1, 1],
        [1, 1, 1],
        [1, 1, 1],
        [1, 1, 1],
        [1, 0, 1],
        [1, 0, 1],
        [1, 1, 1],
        [1, 1, 1],
        [1, 1, 1],
        [1, 1, 1],
        [1, 1, 1],
        [1, 1, 1],
        [0, 1, 1],
        [1, 0, 1],
        [1, 1, 1],
        [1, 1, 1],
        [1, 1, 1],
        [1, 1, 1],
        [1, 1, 1],
        [1, 0, 1],
        [1, 0, 1],
        [1, 1, 0],
        [1, 0, 1],
        [1, 1, 0],
        [1, 1, 1],
        [1, 1, 0],
        [0, 1, 1],
        [1, 1, 1],
        [1, 1, 1],
        [1, 1, 0],
        [1, 1, 1],
        [0, 0, 1],
        [1, 1, 1],
        [1, 1, 1],
        [0, 1, 1],
        [1, 1, 1],
        [1, 1, 1],
        [0, 1, 1],
        [1, 1, 0],
        [1, 1, 0],
        [0, 1, 1],
        [1, 1, 1],
        [1, 1, 1],
        [0, 1, 0],
        [1, 1, 1],
        [1, 1, 1],
        [1, 1, 1],
        [1, 1, 1],
        [1, 1, 1],
        [1, 1, 1],
        [1, 1, 1],
        [1, 1, 1],
        [1, 0, 1],
        [1, 1, 1],
        [1, 1, 0],
        [1, 1, 1],
        [1, 1, 1],
        [0, 1, 1],
        [0, 1, 1],
        [1, 1, 1],
        [1, 1, 1],
        [1, 1, 1],
        [1, 1, 0],
        [1, 1, 1],
        [1, 1, 1],
        [1, 1, 0],
        [1, 1, 0],
        [1, 1, 0],
        [1, 1, 1],
        [0, 1, 1],
        [1, 1, 1],
        [1, 1, 1],
        [1, 1, 1],
        [1, 1, 1],
        [1, 1, 1],
        [1, 1, 1],
        [1, 0, 1],
        [1, 0, 1],
        [0, 1, 1],
        [1, 1, 1],
        [0, 1, 0],
        [1, 1, 1],
        [1, 1, 1],
        [1, 0, 1],
        [1, 1, 1],
        [0, 1, 1],
        [1, 1, 1],
        [0, 1, 1],
        [1, 1, 1],
        [1, 1, 1],
        [0, 0, 1],
        [1, 0, 1],
        [1, 1, 1],
        [1, 1, 1],
        [0, 1, 1],
        [1, 1, 1],
        [1, 1, 1],
        [1, 1, 1],
        [1, 1, 1],
        [1, 1, 1],
        [1, 1, 1],
        [1, 1, 1],
        [1, 1, 1],
        [1, 1, 1],
        [1, 1, 1],
        [1, 1, 1],
        [1, 1, 1],
        [1, 1, 1],
        [1, 0, 1],
        [1, 0, 0],
        [1, 1, 1],
        [1, 1, 1],
        [1, 1, 1],
        [1, 1, 0],
        [1, 1, 1],
        [1, 1, 1],
        [1, 0, 1],
        [1, 1, 1],
        [1, 0, 1],
        [1, 1, 1],
        [1, 0, 1],
        [1, 1, 1],
        [1, 1, 1],
        [1, 1, 1],
        [1, 1, 1],
        [1, 1, 1],
        [1, 1, 1],
        [1, 1, 1],
        [1, 1, 1],
        [1, 1, 1],
        [1, 1, 1],
        [1, 1, 0],
        [1, 1, 1],
        [0, 0, 0],
        [1, 0, 1],
        [1, 1, 1],
        [1, 1, 1],
        [0, 1, 0],
        [1, 1, 1],
        [1, 1, 1],
        [1, 1, 1],
        [0, 1, 1],
        [1, 1, 1],
        [1, 1, 1],
        [1, 0, 1],
        [1, 1, 0],
        [0, 0, 1],
        [1, 1, 1],
        [1, 1, 1],
        [0, 0, 1],
        [1, 1, 1],
        [1, 1, 1],
        [1, 1, 1],
        [1, 1, 1],
        [1, 1, 1],
        [0, 1, 1],
        [1, 1, 1],
        [1, 1, 0],
        [1, 1, 0],
        [1, 1, 0],
        [0, 1, 0],
        [0, 1, 1],
        [1, 1, 0],
        [1, 1, 1],
        [0, 1, 1],
        [1, 1, 1],
        [1, 1, 1]], dtype=torch.int32), tensor([[5322],
        [ 465],
        [ 432],
        [6057],
        [4470],
        [3163],
        [7948],
        [2499],
        [ 599],
        [3588],
        [5802],
        [3130],
        [2023],
        [2500],
        [7677],
        [5997],
        [7521],
        [3603],
        [5547],
        [8204],
        [2542],
        [1764],
        [4678],
        [8178],
        [8161],
        [2381],
        [3770],
        [6917],
        [6478],
        [8312],
        [5654],
        [5609],
        [8552],
        [2953],
        [7194],
        [2484],
        [4014],
        [ 645],
        [4379],
        [1921],
        [1462],
        [ 254],
        [6634],
        [1500],
        [4251],
        [2551],
        [4333],
        [1823],
        [ 927],
        [2578],
        [1905],
        [8451],
        [7468],
        [  83],
        [2331],
        [6101],
        [2621],
        [3175],
        [5143],
        [8305],
        [7302],
        [6538],
        [ 715],
        [7178],
        [5490],
        [2839],
        [1137],
        [6795],
        [4781],
        [7289],
        [5236],
        [3173],
        [ 823],
        [6245],
        [1060],
        [3370],
        [6138],
        [4922],
        [ 313],
        [3531],
        [5887],
        [7371],
        [4214],
        [3454],
        [1779],
        [1630],
        [3969],
        [2407],
        [1305],
        [7540],
        [2910],
        [3214],
        [ 987],
        [8479],
        [7525],
        [5780],
        [3281],
        [1112],
        [2236],
        [6917],
        [8566],
        [1911],
        [2582],
        [3054],
        [1096],
        [2238],
        [6859],
        [6655],
        [7743],
        [3444],
        [ 708],
        [2750],
        [6584],
        [6445],
        [8373],
        [5985],
        [7568],
        [5381],
        [2990],
        [ 547],
        [3588],
        [ 147],
        [6282],
        [8629],
        [6293],
        [8063],
        [8381],
        [3071],
        [7169],
        [2413],
        [5672],
        [6982],
        [6744],
        [ 119],
        [3517],
        [7483],
        [7341],
        [ 201],
        [1509],
        [8502],
        [4963],
        [ 930],
        [5919],
        [6786],
        [1223],
        [5742],
        [8145],
        [1800],
        [7370],
        [3847],
        [3502],
        [7418],
        [6456],
        [5478],
        [4255],
        [1125],
        [  33],
        [3827],
        [2565],
        [7783],
        [4773],
        [8434],
        [4691],
        [8580],
        [4973],
        [5781],
        [2246],
        [5569],
        [4828],
        [5110],
        [7415],
        [ 270],
        [2690],
        [1969],
        [ 505],
        [4452],
        [5831],
        [8134],
        [5733],
        [2539],
        [1118],
        [3076],
        [1181],
        [6653],
        [4955],
        [3180],
        [2625],
        [5722],
        [8096],
        [4014],
        [6244],
        [1181],
        [3631],
        [5818],
        [4779],
        [4925],
        [7790],
        [5152],
        [ 978],
        [3154],
        [6807],
        [5106],
        [ 794],
        [6412],
        [6724],
        [3704],
        [ 396],
        [5798],
        [5386],
        [8361],
        [ 989],
        [2456],
        [2137],
        [7733],
        [2403],
        [5411],
        [3700],
        [2560],
        [ 542],
        [8046],
        [1478],
        [6360],
        [6545],
        [4953],
        [5936],
        [1074],
        [2242],
        [1068],
        [5656],
        [1950],
        [5175],
        [5622],
        [4058],
        [1845],
        [2623],
        [6326],
        [7543],
        [3444],
        [3757],
        [ 559],
        [5520],
        [4150],
        [3138],
        [8252],
        [3340],
        [1046],
        [5800],
        [2887],
        [3520],
        [6472],
        [3621],
        [1710],
        [7937],
        [8551],
        [ 572],
        [8703]]))
