############ minpre
tensor(-1.1617, grad_fn=<MinBackward1>)
############ maxpre
tensor(9.5257, grad_fn=<MaxBackward1>)
############ self.true_vector.view([1, -1])
tensor([[0.0009, 0.0499, 0.0113, 0.0050, 0.0685, 0.0487, 0.0898, 0.0647, 0.0897,
         0.0721, 0.0831, 0.0828, 0.0834, 0.0957, 0.0368, 0.0495, 0.0340, 0.0619,
         0.0978, 0.0096, 0.0744, 0.0292, 0.0299, 0.0752, 0.0019, 0.0524, 0.0864,
         0.0389, 0.0212, 0.0475, 0.0565, 0.0349, 0.0976, 0.0038, 0.0794, 0.0358,
         0.0748, 0.0915, 0.0373, 0.0965, 0.0081, 0.0042, 0.0297, 0.0364, 0.0490,
         0.0669, 0.0673, 0.0572, 0.0081, 0.0898, 0.0038, 0.0782, 0.0037, 0.0267,
         0.0205, 0.0259, 0.0933, 0.0008, 0.0403, 0.0894, 0.0204, 0.0022, 0.0697,
         0.0191]])
