############excitation
torch.Size([256, 101])
tensor([[ 0.0000e+00,  0.0000e+00,  0.0000e+00,  ...,  0.0000e+00,
          0.0000e+00,  0.0000e+00],
        [ 0.0000e+00,  0.0000e+00,  0.0000e+00,  ...,  0.0000e+00,
          0.0000e+00,  0.0000e+00],
        [ 1.0888e-02,  1.0888e-02,  1.0888e-02,  ...,  1.0888e-02,
          1.0888e-02,  1.0888e-02],
        ...,
        [ 1.3612e-02,  1.3612e-02,  1.3612e-02,  ...,  1.3612e-02,
          1.3612e-02,  1.3612e-02],
        [-9.9657e-07, -9.9657e-07, -9.9657e-07,  ..., -9.9657e-07,
         -1.6032e-10, -9.9657e-07],
        [ 0.0000e+00,  0.0000e+00,  0.0000e+00,  ...,  0.0000e+00,
          0.0000e+00,  0.0000e+00]], dtype=torch.float64)
############base
torch.Size([256, 256])
tensor([[-3.6910e+00,  3.1045e+00, -4.3149e+00,  ...,  5.0597e-03,
         -7.2596e+00,  1.4596e+00],
        [-7.8718e-01,  2.1462e+01, -7.4171e-01,  ..., -1.0281e+01,
          5.7416e+00,  6.2992e+00],
        [-1.6970e+01, -6.4806e+00,  1.0961e+01,  ...,  1.8642e+00,
         -1.5113e+01,  6.3077e+00],
        ...,
        [ 4.7224e+00, -9.7808e+00,  1.0571e+01,  ...,  1.5881e+01,
          8.5550e+00, -5.8300e+00],
        [-1.1954e+01, -2.5541e+00,  1.0705e+01,  ..., -5.4006e+00,
          1.4377e+01,  6.2030e+00],
        [ 9.2851e+00, -3.6098e-01, -1.0125e+01,  ..., -4.8493e-01,
          3.1885e+00,  6.5827e+00]])
