############u_bias
torch.Size([128, 1])
tensor([[ 1.2780],
        [-0.0778],
        [-0.9112],
        [-1.0739],
        [ 1.7756],
        [-1.4627],
        [-0.0786],
        [ 0.7185],
        [-0.7285],
        [ 0.6806],
        [-0.6141],
        [ 1.5263],
        [ 1.1403],
        [-0.3648],
        [ 0.1253],
        [-0.0160],
        [ 2.1417],
        [-1.2432],
        [-0.1386],
        [ 0.0635],
        [-0.0909],
        [ 0.1423],
        [ 0.6257],
        [-0.3576],
        [-0.0297],
        [-0.0944],
        [ 0.6440],
        [ 1.7571],
        [ 0.0295],
        [ 2.0469],
        [-1.1695],
        [-0.8085],
        [ 1.2399],
        [ 0.1366],
        [ 0.1669],
        [ 0.0323],
        [ 1.5990],
        [ 1.0050],
        [-1.3242],
        [ 2.5011],
        [ 0.6016],
        [ 0.4475],
        [ 0.1336],
        [ 1.1814],
        [-0.0414],
        [ 0.8237],
        [ 0.0680],
        [ 0.4428],
        [ 0.0066],
        [-0.8741],
        [ 1.1163],
        [-1.0074],
        [ 1.0003],
        [-0.1099],
        [-0.0169],
        [-0.9171],
        [-0.6092],
        [-0.2499],
        [-1.7901],
        [-1.4933],
        [-0.4875],
        [-0.1972],
        [-1.1354],
        [ 1.0462],
        [-0.8037],
        [ 2.0640],
        [ 1.5921],
        [-2.0437],
        [-0.7262],
        [-1.4695],
        [-0.0312],
        [-0.7734],
        [ 0.1079],
        [ 1.3285],
        [ 1.2140],
        [-0.1485],
        [-0.8053],
        [-0.1713],
        [ 1.2852],
        [ 0.1265],
        [-0.4281],
        [-0.9581],
        [ 1.0800],
        [ 0.8844],
        [-1.4396],
        [-2.0322],
        [ 0.3995],
        [ 1.0499],
        [ 0.5989],
        [-0.1368],
        [-1.6611],
        [ 0.0573],
        [-1.3003],
        [ 0.6837],
        [ 0.0541],
        [-0.0131],
        [ 1.4689],
        [ 1.6072],
        [-0.7266],
        [-0.4676],
        [-0.2850],
        [-0.9662],
        [ 1.5780],
        [ 0.0551],
        [-1.3384],
        [-0.9790],
        [ 1.1682],
        [ 2.0718],
        [-0.1009],
        [-1.0907],
        [ 0.1814],
        [ 1.1601],
        [ 0.6512],
        [ 0.4989],
        [-0.0598],
        [ 0.2677],
        [ 0.8572],
        [ 2.2982],
        [-1.3893],
        [-1.2739],
        [ 0.2727],
        [ 2.4127],
        [-1.6263],
        [-0.6259],
        [ 0.4909],
        [ 0.3229],
        [-1.2306],
        [-0.6124]], grad_fn=<EmbeddingBackward0>)
############i_bias
torch.Size([128, 2])
tensor([[ 1.1089,  0.0036],
        [-0.9442,  2.0987],
        [-1.9076,  0.4914],
        [-0.6494,  0.3815],
        [ 0.9232, -0.0326],
        [-1.4707,  0.2759],
        [-1.5455, -1.0057],
        [-0.4693, -0.8963],
        [-0.2662, -1.6728],
        [-1.7871,  1.4619],
        [-0.2087,  0.4031],
        [-0.7914, -0.0088],
        [ 0.5609, -0.8993],
        [ 0.5931,  1.0387],
        [-0.9545,  0.0054],
        [ 0.5815,  0.3405],
        [-0.0199,  1.0305],
        [ 0.1536,  1.2671],
        [ 0.3707,  1.3231],
        [-0.2549,  0.1699],
        [ 0.6778,  2.2002],
        [-1.2335,  0.4817],
        [-0.4348,  0.1824],
        [ 0.8433,  0.4486],
        [-1.6694, -0.0690],
        [-0.9787, -0.1039],
        [-1.7726,  0.8544],
        [-0.2898, -0.3914],
        [-0.4577,  0.8963],
        [-1.2953,  0.1481],
        [ 0.7342, -0.9836],
        [-0.8536, -1.3942],
        [-0.8952,  0.6833],
        [ 1.4440,  0.9115],
        [-0.1002, -2.3447],
        [-0.4577, -1.4353],
        [ 1.1997,  0.3322],
        [ 0.6460,  0.3699],
        [ 0.1850,  1.1110],
        [-0.9018,  0.1654],
        [-1.7735, -0.4860],
        [-0.7830, -0.5108],
        [-0.0414, -0.3753],
        [-0.2875,  0.5931],
        [-0.8197, -0.2508],
        [ 0.2858, -0.6086],
        [ 0.2792, -1.0942],
        [ 0.1037, -0.4920],
        [ 0.8867, -0.3362],
        [-1.2626,  0.8266],
        [ 0.6778,  1.0607],
        [ 0.2538, -0.4750],
        [ 1.5086,  0.0036],
        [ 0.9838, -1.3260],
        [ 0.3242, -1.9835],
        [-0.7745,  0.0821],
        [-1.5455, -0.0928],
        [-0.8410, -0.1762],
        [ 0.1365, -1.6884],
        [ 0.9283, -0.9591],
        [ 0.7805, -1.1388],
        [ 0.4672, -0.6503],
        [-0.9473, -1.4581],
        [-0.6371, -2.0044],
        [-1.9888, -1.5073],
        [-0.9913,  0.7444],
        [-0.1063, -0.0815],
        [ 1.5285,  0.7153],
        [-0.1391, -0.2343],
        [-0.7537, -1.5881],
        [-1.7299, -0.8833],
        [-1.1083,  0.1646],
        [ 0.9060, -0.4252],
        [ 0.5724, -0.2105],
        [ 0.7875,  0.7925],
        [ 0.5069, -1.2250],
        [-1.4316,  0.3111],
        [ 0.7093,  0.8591],
        [-0.1010,  0.6947],
        [-1.6037, -2.0732],
        [ 1.3849, -0.6397],
        [-0.9000,  0.9995],
        [ 0.8912, -1.8611],
        [-0.7885, -0.9745],
        [-0.1942, -1.9459],
        [-0.5496,  0.0512],
        [ 0.6300, -2.8628],
        [ 1.3476, -1.2741],
        [-1.7184,  0.1866],
        [-1.2817,  2.2494],
        [ 0.1023, -0.2087],
        [-1.4651, -1.9547],
        [-0.2204,  0.8421],
        [-0.4436,  0.4733],
        [-0.5254, -0.4171],
        [ 0.2858, -2.6267],
        [ 1.7540,  0.4987],
        [ 0.1843, -0.4459],
        [ 1.3818, -0.6614],
        [ 2.8161,  0.2752],
        [-0.7745, -0.2838],
        [-1.1342,  0.2571],
        [-0.2611,  0.9303],
        [ 0.5341, -1.2007],
        [ 0.4289, -0.4268],
        [-0.4987, -0.4852],
        [-0.1223,  0.2952],
        [-0.6081,  0.1356],
        [-0.1466, -0.1570],
        [-1.2504, -0.0144],
        [ 1.1084, -0.3188],
        [ 0.6786,  0.6400],
        [-0.3009,  1.6479],
        [ 0.1461,  0.6556],
        [ 1.2111,  1.2469],
        [ 0.4223, -0.1990],
        [-1.0689, -0.5933],
        [-1.7153,  0.2753],
        [ 2.2083, -0.1333],
        [-0.7188,  0.2024],
        [-1.1827,  0.8910],
        [ 0.9384,  0.8042],
        [ 1.6394, -1.5519],
        [-0.4308, -1.0457],
        [-0.1822, -0.4406],
        [ 0.4415, -1.1685],
        [ 0.9104, -0.9591],
        [-0.2597,  0.3105]], grad_fn=<SqueezeBackward1>)
############cf_u_vectors
