############negprediction
torch.Size([128, 64])
tensor([[-0.0797, -0.0597,  0.1756,  ...,  0.0221, -0.0536, -0.0223],
        [ 0.0203,  0.0869,  0.5445,  ...,  0.1064,  0.0006,  0.1584],
        [ 0.0049,  0.0701,  0.4342,  ...,  0.0795,  0.0029,  0.1265],
        ...,
        [-0.0079,  0.0333,  0.3770,  ...,  0.0703, -0.0193,  0.0921],
        [-0.0262,  0.0039,  0.3783,  ...,  0.0682, -0.0396,  0.0739],
        [-0.0186,  0.0396,  0.4812,  ...,  0.0847, -0.0185,  0.1191]],
       grad_fn=<AddmmBackward0>)
