#####group_users
[   0    1    1 ... 3251 3251 8138]
#####group_items
[5257 5599  963 ... 8668 8673 8673]
#####group_historys
[[4550 7653 7654 7655 7889]
 [5606 2920 5612 5607 5574]
 [5574 5599 5691 8460 8510]
 ...
 [8316 8646 3264 7903 8513]
 [8646 3264 7903 8513 8668]
 [8560 8561 8534 6895 4838]]
#####group_feedbacks
[[1 1 0 1 1]
 [1 0 0 1 1]
 [1 1 0 0 0]
 ...
 [0 1 1 1 1]
 [1 1 1 1 1]
 [0 1 1 1 1]]
#####group_historytime
[[1357430400 1357430400 1357430400 1357430400 1357430400]
 [1356739200 1357430400 1357776000 1362441600 1363392000]
 [1363392000 1363392000 1386633600 1386633600 1395878400]
 ...
 [1386460800 1395187200 1397260800 1404259200 1404777600]
 [1395187200 1397260800 1404259200 1404777600 1405987200]
 [1389052800 1389052800 1392249600 1397347200 1399075200]]
#####group_time
[1361232000 1363392000 1404864000 ... 1405987200 1405987200 1405987200]
