#####gneg
tensor([[2822],
        [4847],
        [8266],
        [8617],
        [1702],
        [ 587],
        [  45],
        [2562],
        [7293],
        [1648],
        [7135],
        [ 216],
        [6439],
        [5146],
        [3367],
        [1675],
        [8045],
        [6890],
        [5185],
        [2349],
        [5871],
        [7054],
        [4044],
        [4224],
        [4047],
        [2920],
        [4324],
        [2306],
        [3476],
        [2332],
        [4040],
        [4049],
        [1526],
        [ 266],
        [1852],
        [6736],
        [7323],
        [2037],
        [ 367],
        [4846],
        [1319],
        [1659],
        [1653],
        [5643],
        [2696],
        [1569],
        [6287],
        [7211],
        [7188],
        [3694],
        [ 990],
        [2784],
        [6073],
        [5823],
        [3887],
        [8235],
        [1457],
        [3132],
        [1424],
        [5750],
        [  88],
        [6439],
        [4226],
        [1613],
        [ 836],
        [2796],
        [6250],
        [3973],
        [4886],
        [4361],
        [ 290],
        [7819],
        [2864],
        [1253],
        [2768],
        [7535],
        [8047],
        [2237],
        [3370],
        [ 313],
        [6525],
        [5082],
        [8525],
        [3241],
        [2961],
        [4729],
        [1615],
        [6492],
        [1047],
        [4892],
        [7119],
        [4158],
        [4907],
        [8546],
        [3138],
        [2368],
        [1190],
        [6784],
        [8246],
        [2148],
        [2005],
        [3918],
        [3567],
        [7791],
        [3977],
        [8134],
        [3564],
        [ 687],
        [5218],
        [7120],
        [ 281],
        [3626],
        [5127],
        [4699],
        [ 900],
        [8108],
        [2413],
        [2083],
        [3214],
        [2920],
        [2457],
        [5992],
        [6674],
        [3073],
        [6309],
        [7676],
        [3281],
        [5490],
        [3009],
        [ 599],
        [2251],
        [7472],
        [4768],
        [4728],
        [ 750],
        [3814],
        [5245],
        [5369],
        [5702],
        [3546],
        [1039],
        [3729],
        [2754],
        [2582],
        [4101],
        [2846],
        [8321],
        [2691],
        [1409],
        [1653],
        [3408],
        [ 754],
        [2484],
        [2295],
        [2834],
        [4107],
        [1081],
        [ 410],
        [1890],
        [8509],
        [2849],
        [4944],
        [3475],
        [6874],
        [5217],
        [7198],
        [3322],
        [ 796],
        [4977],
        [3170],
        [4399],
        [2031],
        [1723],
        [2334],
        [1902],
        [5143],
        [3228],
        [4963],
        [1290],
        [6810],
        [3096],
        [5541],
        [2769],
        [6949],
        [2986],
        [8477],
        [ 372],
        [2908],
        [1499],
        [5094],
        [2167],
        [7129],
        [6440],
        [ 774],
        [ 251],
        [ 129],
        [7160],
        [3275],
        [1371],
        [6325],
        [2414],
        [3607],
        [8217],
        [1941],
        [1534],
        [2583],
        [2439],
        [ 719],
        [8610],
        [2640],
        [2086],
        [8661],
        [1753],
        [3948],
        [1494],
        [5784],
        [7058],
        [2422],
        [2100],
        [ 303],
        [5279],
        [4818],
        [4344],
        [ 952],
        [5572],
        [7550],
        [1074],
        [1589],
        [4913],
        [3210],
        [1276],
        [5564],
        [8494],
        [3050],
        [7090],
        [5325],
        [2664],
        [5085],
        [6701],
        [ 700],
        [2198],
        [ 234],
        [7163],
        [7423],
        [6860],
        [ 900],
        [6926],
        [4174],
        [3368],
        [6162],
        [6092],
        [6771],
        [ 982],
        [4773],
        [1448],
        [2443]])
