############mus
torch.Size([256, 2, 3])
tensor([[[10.0003,  8.5289,  9.6900],
         [10.0003,  8.5289,  9.6900]],

        [[10.0003,  8.5289,  9.6900],
         [10.0003,  8.5289,  9.6900]],

        [[10.0003,  8.5289,  9.6900],
         [10.0003,  8.5289,  9.6900]],

        [[10.0003,  8.5289,  9.6900],
         [10.0003,  8.5289,  9.6900]],

        [[10.0003,  8.5289,  9.6900],
         [10.0003,  8.5289,  9.6900]],

        [[10.0003,  8.5289,  9.6900],
         [10.0003,  8.5289,  9.6900]],

        [[10.0003,  8.5289,  9.6900],
         [10.0003,  8.5289,  9.6900]],

        [[10.0003,  8.5289,  9.6900],
         [10.0003,  8.5289,  9.6900]],

        [[10.0003,  8.5289,  9.6900],
         [10.0003,  8.5289,  9.6900]],

        [[10.0003,  8.5289,  9.6900],
         [10.0003,  8.5289,  9.6900]],

        [[10.0003,  8.5289,  9.6900],
         [10.0003,  8.5289,  9.6900]],

        [[10.0003,  8.5289,  9.6900],
         [10.0003,  8.5289,  9.6900]],

        [[10.0003,  8.5289,  9.6900],
         [10.0003,  8.5289,  9.6900]],

        [[10.0003,  8.5289,  9.6900],
         [10.0003,  8.5289,  9.6900]],

        [[10.0003,  8.5289,  9.6900],
         [10.0003,  8.5289,  9.6900]],

        [[10.0003,  8.5289,  9.6900],
         [10.0003,  8.5289,  9.6900]],

        [[10.0003,  8.5289,  9.6900],
         [10.0003,  8.5289,  9.6900]],

        [[10.0003,  8.5289,  9.6900],
         [10.0003,  8.5289,  9.6900]],

        [[10.0003,  8.5289,  9.6900],
         [10.0003,  8.5289,  9.6900]],

        [[10.0003,  8.5289,  9.6900],
         [10.0003,  8.5289,  9.6900]],

        [[10.0003,  8.5289,  9.6900],
         [10.0003,  8.5289,  9.6900]],

        [[10.0003,  8.5289,  9.6900],
         [10.0003,  8.5289,  9.6900]],

        [[10.0003,  8.5289,  9.6900],
         [10.0003,  8.5289,  9.6900]],

        [[10.0003,  8.5289,  9.6900],
         [10.0003,  8.5289,  9.6900]],

        [[10.0003,  8.5289,  9.6900],
         [10.0003,  8.5289,  9.6900]],

        [[10.0003,  8.5289,  9.6900],
         [ 8.8017,  8.8904,  9.2466]],

        [[10.0003,  8.5289,  9.6900],
         [10.0003,  8.5289,  9.6900]],

        [[10.0003,  8.5289,  9.6900],
         [10.1082,  9.7441, 11.3178]],

        [[10.0003,  8.5289,  9.6900],
         [10.0003,  8.5289,  9.6900]],

        [[10.0003,  8.5289,  9.6900],
         [10.0003,  8.5289,  9.6900]],

        [[10.0003,  8.5289,  9.6900],
         [10.0003,  8.5289,  9.6900]],

        [[10.0003,  8.5289,  9.6900],
         [10.0003,  8.5289,  9.6900]],

        [[10.0003,  8.5289,  9.6900],
         [10.0003,  8.5289,  9.6900]],

        [[10.0003,  8.5289,  9.6900],
         [10.0003,  8.5289,  9.6900]],

        [[10.0003,  8.5289,  9.6900],
         [10.0003,  8.5289,  9.6900]],

        [[10.0003,  8.5289,  9.6900],
         [10.0003,  8.5289,  9.6900]],

        [[10.0003,  8.5289,  9.6900],
         [10.0003,  8.5289,  9.6900]],

        [[10.0003,  8.5289,  9.6900],
         [10.0003,  8.5289,  9.6900]],

        [[10.0003,  8.5289,  9.6900],
         [10.0003,  8.5289,  9.6900]],

        [[10.0003,  8.5289,  9.6900],
         [10.0003,  8.5289,  9.6900]],

        [[10.0003,  8.5289,  9.6900],
         [10.0003,  8.5289,  9.6900]],

        [[10.0003,  8.5289,  9.6900],
         [10.0003,  8.5289,  9.6900]],

        [[10.0003,  8.5289,  9.6900],
         [10.0003,  8.5289,  9.6900]],

        [[10.0003,  8.5289,  9.6900],
         [10.0003,  8.5289,  9.6900]],

        [[10.0003,  8.5289,  9.6900],
         [10.0003,  8.5289,  9.6900]],

        [[10.0003,  8.5289,  9.6900],
         [10.0003,  8.5289,  9.6900]],

        [[10.0003,  8.5289,  9.6900],
         [10.0003,  8.5289,  9.6900]],

        [[10.0003,  8.5289,  9.6900],
         [10.0003,  8.5289,  9.6900]],

        [[10.0003,  8.5289,  9.6900],
         [10.0003,  8.5289,  9.6900]],

        [[10.0003,  8.5289,  9.6900],
         [10.0003,  8.5289,  9.6900]],

        [[10.0003,  8.5289,  9.6900],
         [10.0003,  8.5289,  9.6900]],

        [[10.0003,  8.5289,  9.6900],
         [10.0003,  8.5289,  9.6900]],

        [[10.0003,  8.5289,  9.6900],
         [10.0003,  8.5289,  9.6900]],

        [[10.0003,  8.5289,  9.6900],
         [10.0003,  8.5289,  9.6900]],

        [[10.0003,  8.5289,  9.6900],
         [10.0003,  8.5289,  9.6900]],

        [[10.0003,  8.5289,  9.6900],
         [10.0003,  8.5289,  9.6900]],

        [[10.0003,  8.5289,  9.6900],
         [10.0003,  8.5289,  9.6900]],

        [[10.0003,  8.5289,  9.6900],
         [10.0003,  8.5289,  9.6900]],

        [[10.0003,  8.5289,  9.6900],
         [10.0003,  8.5289,  9.6900]],

        [[10.0003,  8.5289,  9.6900],
         [10.0003,  8.5289,  9.6900]],

        [[10.0003,  8.5289,  9.6900],
         [10.0003,  8.5289,  9.6900]],

        [[10.0003,  8.5289,  9.6900],
         [10.0003,  8.5289,  9.6900]],

        [[10.0000, 10.1611,  9.1754],
         [10.0003,  8.5289,  9.6900]],

        [[10.0003,  8.5289,  9.6900],
         [10.0003,  8.5289,  9.6900]],

        [[10.0003,  8.5289,  9.6900],
         [10.0003,  8.5289,  9.6900]],

        [[10.0003,  8.5289,  9.6900],
         [10.0003,  8.5289,  9.6900]],

        [[10.0003,  8.5289,  9.6900],
         [10.0003,  8.5289,  9.6900]],

        [[10.0003,  8.5289,  9.6900],
         [ 9.8232, 10.1725,  8.0927]],

        [[10.0003,  8.5289,  9.6900],
         [10.0003,  8.5289,  9.6900]],

        [[10.0003,  8.5289,  9.6900],
         [10.0003,  8.5289,  9.6900]],

        [[10.0003,  8.5289,  9.6900],
         [10.0003,  8.5289,  9.6900]],

        [[10.0003,  8.5289,  9.6900],
         [10.0003,  8.5289,  9.6900]],

        [[10.0003,  8.5289,  9.6900],
         [10.0003,  8.5289,  9.6900]],

        [[10.0003,  8.5289,  9.6900],
         [10.0003,  8.5289,  9.6900]],

        [[10.0003,  8.5289,  9.6900],
         [10.0003,  8.5289,  9.6900]],

        [[10.0003,  8.5289,  9.6900],
         [10.0003,  8.5289,  9.6900]],

        [[10.0003,  8.5289,  9.6900],
         [10.0003,  8.5289,  9.6900]],

        [[10.0003,  8.5289,  9.6900],
         [10.0003,  8.5289,  9.6900]],

        [[10.0003,  8.5289,  9.6900],
         [10.0003,  8.5289,  9.6900]],

        [[10.0003,  8.5289,  9.6900],
         [10.0003,  8.5289,  9.6900]],

        [[10.0003,  8.5289,  9.6900],
         [10.0003,  8.5289,  9.6900]],

        [[10.0003,  8.5289,  9.6900],
         [10.0003,  8.5289,  9.6900]],

        [[10.0003,  8.5289,  9.6900],
         [10.0003,  8.5289,  9.6900]],

        [[10.0003,  8.5289,  9.6900],
         [10.0003,  8.5289,  9.6900]],

        [[10.0003,  8.5289,  9.6900],
         [10.0003,  8.5289,  9.6900]],

        [[10.2010,  8.9841,  7.9115],
         [10.0003,  8.5289,  9.6900]],

        [[10.0003,  8.5289,  9.6900],
         [10.0003,  8.5289,  9.6900]],

        [[10.0003,  8.5289,  9.6900],
         [10.0003,  8.5289,  9.6900]],

        [[10.0003,  8.5289,  9.6900],
         [10.0000, 10.0859,  9.7058]],

        [[10.0003,  8.5289,  9.6900],
         [10.0003,  8.5289,  9.6900]],

        [[10.0003,  8.5289,  9.6900],
         [10.0003,  8.5289,  9.6900]],

        [[10.0003,  8.5289,  9.6900],
         [10.0003,  8.5289,  9.6900]],

        [[10.0003,  8.5289,  9.6900],
         [10.0003,  8.5289,  9.6900]],

        [[10.0003,  8.5289,  9.6900],
         [10.0003,  8.5289,  9.6900]],

        [[10.0003,  8.5289,  9.6900],
         [10.0003,  8.5289,  9.6900]],

        [[10.0003,  8.5289,  9.6900],
         [10.0003,  8.5289,  9.6900]],

        [[10.0003,  8.5289,  9.6900],
         [10.0003,  8.5289,  9.6900]],

        [[10.0003,  8.5289,  9.6900],
         [10.0003,  8.5289,  9.6900]],

        [[10.0003,  8.5289,  9.6900],
         [10.0003,  8.5289,  9.6900]],

        [[10.0003,  8.5289,  9.6900],
         [10.0003,  8.5289,  9.6900]],

        [[10.0000, 10.0859,  9.7058],
         [10.0003,  8.5289,  9.6900]],

        [[10.0003,  8.5289,  9.6900],
         [10.0003,  8.5289,  9.6900]],

        [[10.0003,  8.5289,  9.6900],
         [10.0003,  8.5289,  9.6900]],

        [[10.0003,  8.5289,  9.6900],
         [10.0003,  8.5289,  9.6900]],

        [[10.0003,  8.5289,  9.6900],
         [10.0003,  8.5289,  9.6900]],

        [[10.0000, 10.1611,  9.1754],
         [10.0003,  8.5289,  9.6900]],

        [[10.0003,  8.5289,  9.6900],
         [10.0003,  8.5289,  9.6900]],

        [[10.0003,  8.5289,  9.6900],
         [10.0003,  8.5289,  9.6900]],

        [[10.0003,  8.5289,  9.6900],
         [10.0003,  8.5289,  9.6900]],

        [[10.0003,  8.5289,  9.6900],
         [10.0003,  8.5289,  9.6900]],

        [[10.0003,  8.5289,  9.6900],
         [10.0003,  8.5289,  9.6900]],

        [[10.0003,  8.5289,  9.6900],
         [10.0003,  8.5289,  9.6900]],

        [[10.0003,  8.5289,  9.6900],
         [10.0003,  8.5289,  9.6900]],

        [[10.0003,  8.5289,  9.6900],
         [10.0003,  8.5289,  9.6900]],

        [[10.0003,  8.5289,  9.6900],
         [10.0003,  8.5289,  9.6900]],

        [[10.0003,  8.5289,  9.6900],
         [10.0003,  8.5289,  9.6900]],

        [[10.0003,  8.5289,  9.6900],
         [10.6467, 10.8265,  9.9837]],

        [[10.0003,  8.5289,  9.6900],
         [10.0003,  8.5289,  9.6900]],

        [[10.0003,  8.5289,  9.6900],
         [10.0003,  8.5289,  9.6900]],

        [[10.0003,  8.5289,  9.6900],
         [10.0003,  8.5289,  9.6900]],

        [[10.0003,  8.5289,  9.6900],
         [10.0003,  8.5289,  9.6900]],

        [[10.0003,  8.5289,  9.6900],
         [10.0003,  8.5289,  9.6900]],

        [[10.0003,  8.5289,  9.6900],
         [10.0003,  8.5289,  9.6900]],

        [[10.0003,  8.5289,  9.6900],
         [10.0003,  8.5289,  9.6900]],

        [[10.0003,  8.5289,  9.6900],
         [10.0003,  8.5289,  9.6900]],

        [[10.0003,  8.5289,  9.6900],
         [10.0003,  8.5289,  9.6900]],

        [[10.0003,  8.5289,  9.6900],
         [10.0003,  8.5289,  9.6900]],

        [[10.0003,  8.5289,  9.6900],
         [10.0003,  8.5289,  9.6900]],

        [[10.0003,  8.5289,  9.6900],
         [10.0000, 11.1732, 10.5167]],

        [[10.0003,  8.5289,  9.6900],
         [10.0003,  8.5289,  9.6900]],

        [[10.0003,  8.5289,  9.6900],
         [10.0003,  8.5289,  9.6900]],

        [[10.0003,  8.5289,  9.6900],
         [10.0003,  8.5289,  9.6900]],

        [[10.0003,  8.5289,  9.6900],
         [10.0003,  8.5289,  9.6900]],

        [[10.0003,  8.5289,  9.6900],
         [10.0003,  8.5289,  9.6900]],

        [[10.0003,  8.5289,  9.6900],
         [10.0003,  8.5289,  9.6900]],

        [[10.0003,  8.5289,  9.6900],
         [10.0003,  8.5289,  9.6900]],

        [[10.0003,  8.5289,  9.6900],
         [10.0003,  8.5289,  9.6900]],

        [[10.0003,  8.5289,  9.6900],
         [10.0003,  8.5289,  9.6900]],

        [[10.0003,  8.5289,  9.6900],
         [10.0003,  8.5289,  9.6900]],

        [[10.0003,  8.5289,  9.6900],
         [10.0000,  8.9151, 10.2417]],

        [[10.0003,  8.5289,  9.6900],
         [10.0003,  8.5289,  9.6900]],

        [[10.0003,  8.5289,  9.6900],
         [10.0003,  8.5289,  9.6900]],

        [[10.0003,  8.5289,  9.6900],
         [10.0003,  8.5289,  9.6900]],

        [[10.0003,  8.5289,  9.6900],
         [10.0003,  8.5289,  9.6900]],

        [[10.0003,  8.5289,  9.6900],
         [10.0003,  8.5289,  9.6900]],

        [[10.0003,  8.5289,  9.6900],
         [10.0003,  8.5289,  9.6900]],

        [[10.0003,  8.5289,  9.6900],
         [10.0003,  8.5289,  9.6900]],

        [[10.0000,  8.4997, 10.8159],
         [10.0003,  8.5289,  9.6900]],

        [[10.0003,  8.5289,  9.6900],
         [10.0003,  8.5289,  9.6900]],

        [[10.0003,  8.5289,  9.6900],
         [10.0003,  8.5289,  9.6900]],

        [[10.0003,  8.5289,  9.6900],
         [10.0003,  8.5289,  9.6900]],

        [[10.0003,  8.5289,  9.6900],
         [10.0003,  8.5289,  9.6900]],

        [[10.0003,  8.5289,  9.6900],
         [10.0003,  8.5289,  9.6900]],

        [[10.0003,  8.5289,  9.6900],
         [10.0003,  8.5289,  9.6900]],

        [[10.0003,  8.5289,  9.6900],
         [10.0003,  8.5289,  9.6900]],

        [[10.0003,  8.5289,  9.6900],
         [10.0003,  8.5289,  9.6900]],

        [[10.0003,  8.5289,  9.6900],
         [10.0003,  8.5289,  9.6900]],

        [[10.0003,  8.5289,  9.6900],
         [10.0003,  8.5289,  9.6900]],

        [[10.0003,  8.5289,  9.6900],
         [10.0003,  8.5289,  9.6900]],

        [[10.0003,  8.5289,  9.6900],
         [10.0003,  8.5289,  9.6900]],

        [[10.0003,  8.5289,  9.6900],
         [10.0003,  8.5289,  9.6900]],

        [[10.0003,  8.5289,  9.6900],
         [10.0003,  8.5289,  9.6900]],

        [[10.0003,  8.5289,  9.6900],
         [10.0003,  8.5289,  9.6900]],

        [[10.0003,  8.5289,  9.6900],
         [10.0003,  8.5289,  9.6900]],

        [[10.6312,  9.9496, 10.6861],
         [10.0003,  8.5289,  9.6900]],

        [[10.0003,  8.5289,  9.6900],
         [10.0003,  8.5289,  9.6900]],

        [[10.0003,  8.5289,  9.6900],
         [10.0003,  8.5289,  9.6900]],

        [[10.0003,  8.5289,  9.6900],
         [10.0003,  8.5289,  9.6900]],

        [[10.0003,  8.5289,  9.6900],
         [10.0003,  8.5289,  9.6900]],

        [[10.0003,  8.5289,  9.6900],
         [10.0003,  8.5289,  9.6900]],

        [[10.0003,  8.5289,  9.6900],
         [ 9.6225, 10.2467,  9.3798]],

        [[10.0003,  8.5289,  9.6900],
         [10.0003,  8.5289,  9.6900]],

        [[10.0003,  8.5289,  9.6900],
         [10.0003,  8.5289,  9.6900]],

        [[10.0003,  8.5289,  9.6900],
         [10.0003,  8.5289,  9.6900]],

        [[10.0003,  8.5289,  9.6900],
         [10.0003,  8.5289,  9.6900]],

        [[10.0003,  8.5289,  9.6900],
         [10.0003,  8.5289,  9.6900]],

        [[10.0003,  8.5289,  9.6900],
         [10.0003,  8.5289,  9.6900]],

        [[10.0003,  8.5289,  9.6900],
         [10.0003,  8.5289,  9.6900]],

        [[10.0003,  8.5289,  9.6900],
         [10.0003,  8.5289,  9.6900]],

        [[10.0003,  8.5289,  9.6900],
         [10.0003,  8.5289,  9.6900]],

        [[10.0003,  8.5289,  9.6900],
         [10.0003,  8.5289,  9.6900]],

        [[10.0003,  8.5289,  9.6900],
         [10.0003,  8.5289,  9.6900]],

        [[10.0003,  8.5289,  9.6900],
         [10.0003,  8.5289,  9.6900]],

        [[10.0003,  8.5289,  9.6900],
         [10.0003,  8.5289,  9.6900]],

        [[10.0003,  8.5289,  9.6900],
         [10.0003,  8.5289,  9.6900]],

        [[10.0003,  8.5289,  9.6900],
         [10.0003,  8.5289,  9.6900]],

        [[10.0003,  8.5289,  9.6900],
         [10.0003,  8.5289,  9.6900]],

        [[10.0003,  8.5289,  9.6900],
         [10.0003,  8.5289,  9.6900]],

        [[10.0003,  8.5289,  9.6900],
         [10.0003,  8.5289,  9.6900]],

        [[10.0003,  8.5289,  9.6900],
         [10.0003,  8.5289,  9.6900]],

        [[10.0003,  8.5289,  9.6900],
         [10.0003,  8.5289,  9.6900]],

        [[10.0003,  8.5289,  9.6900],
         [10.0003,  8.5289,  9.6900]],

        [[10.0003,  8.5289,  9.6900],
         [10.0003,  8.5289,  9.6900]],

        [[ 8.8108, 10.6204, 10.0125],
         [10.0003,  8.5289,  9.6900]],

        [[10.0003,  8.5289,  9.6900],
         [10.0003,  8.5289,  9.6900]],

        [[10.0003,  8.5289,  9.6900],
         [10.0003,  8.5289,  9.6900]],

        [[10.0003,  8.5289,  9.6900],
         [10.0003,  8.5289,  9.6900]],

        [[10.0003,  8.5289,  9.6900],
         [10.0003,  8.5289,  9.6900]],

        [[10.0003,  8.5289,  9.6900],
         [10.0003,  8.5289,  9.6900]],

        [[10.0003,  8.5289,  9.6900],
         [10.0003,  8.5289,  9.6900]],

        [[10.0003,  8.5289,  9.6900],
         [10.0003,  8.5289,  9.6900]],

        [[10.0003,  8.5289,  9.6900],
         [10.0003,  8.5289,  9.6900]],

        [[10.0003,  8.5289,  9.6900],
         [10.0003,  8.5289,  9.6900]],

        [[10.0003,  8.5289,  9.6900],
         [10.0003,  8.5289,  9.6900]],

        [[10.0003,  8.5289,  9.6900],
         [10.0003,  8.5289,  9.6900]],

        [[10.0003,  8.5289,  9.6900],
         [10.0003,  8.5289,  9.6900]],

        [[10.0003,  8.5289,  9.6900],
         [10.0003,  8.5289,  9.6900]],

        [[10.0003,  8.5289,  9.6900],
         [10.0003,  8.5289,  9.6900]],

        [[10.0003,  8.5289,  9.6900],
         [10.0003,  8.5289,  9.6900]],

        [[10.0003,  8.5289,  9.6900],
         [10.0003,  8.5289,  9.6900]],

        [[10.0003,  8.5289,  9.6900],
         [10.0003,  8.5289,  9.6900]],

        [[10.0003,  8.5289,  9.6900],
         [10.0003,  8.5289,  9.6900]],

        [[10.0003,  8.5289,  9.6900],
         [10.0003,  8.5289,  9.6900]],

        [[10.0003,  8.5289,  9.6900],
         [10.0003,  8.5289,  9.6900]],

        [[10.0003,  8.5289,  9.6900],
         [10.0003,  8.5289,  9.6900]],

        [[10.0003,  8.5289,  9.6900],
         [10.0003,  8.5289,  9.6900]],

        [[10.0003,  8.5289,  9.6900],
         [10.0003,  8.5289,  9.6900]],

        [[10.0003,  8.5289,  9.6900],
         [10.0003,  8.5289,  9.6900]],

        [[10.0003,  8.5289,  9.6900],
         [10.0003,  8.5289,  9.6900]],

        [[10.0003,  8.5289,  9.6900],
         [10.0003,  8.5289,  9.6900]],

        [[10.0003,  8.5289,  9.6900],
         [10.0003,  8.5289,  9.6900]],

        [[10.0003,  8.5289,  9.6900],
         [10.0003,  8.5289,  9.6900]],

        [[10.0003,  8.5289,  9.6900],
         [10.0003,  8.5289,  9.6900]],

        [[10.0003,  8.5289,  9.6900],
         [10.7126,  9.3880, 10.6837]],

        [[10.0003,  8.5289,  9.6900],
         [10.0003,  8.5289,  9.6900]],

        [[10.0003,  8.5289,  9.6900],
         [10.0003,  8.5289,  9.6900]],

        [[10.0003,  8.5289,  9.6900],
         [10.0003,  8.5289,  9.6900]],

        [[10.0003,  8.5289,  9.6900],
         [10.0003,  8.5289,  9.6900]],

        [[10.0003,  8.5289,  9.6900],
         [10.0003,  8.5289,  9.6900]],

        [[10.0003,  8.5289,  9.6900],
         [10.0003,  8.5289,  9.6900]],

        [[ 9.6225, 10.2467,  9.3798],
         [10.0003,  8.5289,  9.6900]],

        [[10.0003,  8.5289,  9.6900],
         [10.0003,  8.5289,  9.6900]],

        [[10.0003,  8.5289,  9.6900],
         [10.0003,  8.5289,  9.6900]],

        [[10.0003,  8.5289,  9.6900],
         [10.0003,  8.5289,  9.6900]],

        [[10.0003,  8.5289,  9.6900],
         [10.0003,  8.5289,  9.6900]],

        [[10.0003,  8.5289,  9.6900],
         [10.0003,  8.5289,  9.6900]],

        [[10.0003,  8.5289,  9.6900],
         [10.0003,  8.5289,  9.6900]],

        [[10.0003,  8.5289,  9.6900],
         [10.0003,  8.5289,  9.6900]],

        [[10.0003,  8.5289,  9.6900],
         [10.0003,  8.5289,  9.6900]],

        [[10.0003,  8.5289,  9.6900],
         [10.0003,  8.5289,  9.6900]],

        [[10.0003,  8.5289,  9.6900],
         [10.0003,  8.5289,  9.6900]],

        [[10.0003,  8.5289,  9.6900],
         [10.0003,  8.5289,  9.6900]],

        [[10.0003,  8.5289,  9.6900],
         [10.0003,  8.5289,  9.6900]],

        [[10.0589,  9.0156, 10.4344],
         [10.0003,  8.5289,  9.6900]],

        [[10.0003,  8.5289,  9.6900],
         [10.0003,  8.5289,  9.6900]],

        [[10.0003,  8.5289,  9.6900],
         [10.0003,  8.5289,  9.6900]],

        [[10.0003,  8.5289,  9.6900],
         [10.0003,  8.5289,  9.6900]],

        [[10.0003,  8.5289,  9.6900],
         [10.0003,  8.5289,  9.6900]],

        [[10.0003,  8.5289,  9.6900],
         [10.0003,  8.5289,  9.6900]],

        [[10.0003,  8.5289,  9.6900],
         [10.0003,  8.5289,  9.6900]],

        [[10.0003,  8.5289,  9.6900],
         [10.0003,  8.5289,  9.6900]],

        [[10.0003,  8.5289,  9.6900],
         [10.0003,  8.5289,  9.6900]],

        [[10.0003,  8.5289,  9.6900],
         [10.0003,  8.5289,  9.6900]],

        [[10.0003,  8.5289,  9.6900],
         [10.0003,  8.5289,  9.6900]],

        [[10.0003,  8.5289,  9.6900],
         [10.0003,  8.5289,  9.6900]],

        [[10.0003,  8.5289,  9.6900],
         [10.0003,  8.5289,  9.6900]]], grad_fn=<AddBackward0>)
############sigmas
torch.Size([256, 2, 3])
tensor([[[9.3933e-01, 1.5638e+00, 1.7367e+00],
         [9.3933e-01, 1.5638e+00, 1.7367e+00]],

        [[9.3933e-01, 1.5638e+00, 1.7367e+00],
         [9.3933e-01, 1.5638e+00, 1.7367e+00]],

        [[9.3933e-01, 1.5638e+00, 1.7367e+00],
         [9.3933e-01, 1.5638e+00, 1.7367e+00]],

        [[9.3933e-01, 1.5638e+00, 1.7367e+00],
         [9.3933e-01, 1.5638e+00, 1.7367e+00]],

        [[9.3933e-01, 1.5638e+00, 1.7367e+00],
         [9.3933e-01, 1.5638e+00, 1.7367e+00]],

        [[9.3933e-01, 1.5638e+00, 1.7367e+00],
         [9.3933e-01, 1.5638e+00, 1.7367e+00]],

        [[9.3933e-01, 1.5638e+00, 1.7367e+00],
         [9.3933e-01, 1.5638e+00, 1.7367e+00]],

        [[9.3933e-01, 1.5638e+00, 1.7367e+00],
         [9.3933e-01, 1.5638e+00, 1.7367e+00]],

        [[9.3933e-01, 1.5638e+00, 1.7367e+00],
         [9.3933e-01, 1.5638e+00, 1.7367e+00]],

        [[9.3933e-01, 1.5638e+00, 1.7367e+00],
         [9.3933e-01, 1.5638e+00, 1.7367e+00]],

        [[9.3933e-01, 1.5638e+00, 1.7367e+00],
         [9.3933e-01, 1.5638e+00, 1.7367e+00]],

        [[9.3933e-01, 1.5638e+00, 1.7367e+00],
         [9.3933e-01, 1.5638e+00, 1.7367e+00]],

        [[9.3933e-01, 1.5638e+00, 1.7367e+00],
         [9.3933e-01, 1.5638e+00, 1.7367e+00]],

        [[9.3933e-01, 1.5638e+00, 1.7367e+00],
         [9.3933e-01, 1.5638e+00, 1.7367e+00]],

        [[9.3933e-01, 1.5638e+00, 1.7367e+00],
         [9.3933e-01, 1.5638e+00, 1.7367e+00]],

        [[9.3933e-01, 1.5638e+00, 1.7367e+00],
         [9.3933e-01, 1.5638e+00, 1.7367e+00]],

        [[9.3933e-01, 1.5638e+00, 1.7367e+00],
         [9.3933e-01, 1.5638e+00, 1.7367e+00]],

        [[9.3933e-01, 1.5638e+00, 1.7367e+00],
         [9.3933e-01, 1.5638e+00, 1.7367e+00]],

        [[9.3933e-01, 1.5638e+00, 1.7367e+00],
         [9.3933e-01, 1.5638e+00, 1.7367e+00]],

        [[9.3933e-01, 1.5638e+00, 1.7367e+00],
         [9.3933e-01, 1.5638e+00, 1.7367e+00]],

        [[9.3933e-01, 1.5638e+00, 1.7367e+00],
         [9.3933e-01, 1.5638e+00, 1.7367e+00]],

        [[9.3933e-01, 1.5638e+00, 1.7367e+00],
         [9.3933e-01, 1.5638e+00, 1.7367e+00]],

        [[9.3933e-01, 1.5638e+00, 1.7367e+00],
         [9.3933e-01, 1.5638e+00, 1.7367e+00]],

        [[9.3933e-01, 1.5638e+00, 1.7367e+00],
         [9.3933e-01, 1.5638e+00, 1.7367e+00]],

        [[9.3933e-01, 1.5638e+00, 1.7367e+00],
         [9.3933e-01, 1.5638e+00, 1.7367e+00]],

        [[9.3933e-01, 1.5638e+00, 1.7367e+00],
         [1.6807e+00, 5.4013e-01, 7.7400e-01]],

        [[9.3933e-01, 1.5638e+00, 1.7367e+00],
         [9.3933e-01, 1.5638e+00, 1.7367e+00]],

        [[9.3933e-01, 1.5638e+00, 1.7367e+00],
         [9.3219e-01, 1.0000e-10, 1.3786e+00]],

        [[9.3933e-01, 1.5638e+00, 1.7367e+00],
         [9.3933e-01, 1.5638e+00, 1.7367e+00]],

        [[9.3933e-01, 1.5638e+00, 1.7367e+00],
         [9.3933e-01, 1.5638e+00, 1.7367e+00]],

        [[9.3933e-01, 1.5638e+00, 1.7367e+00],
         [9.3933e-01, 1.5638e+00, 1.7367e+00]],

        [[9.3933e-01, 1.5638e+00, 1.7367e+00],
         [9.3933e-01, 1.5638e+00, 1.7367e+00]],

        [[9.3933e-01, 1.5638e+00, 1.7367e+00],
         [9.3933e-01, 1.5638e+00, 1.7367e+00]],

        [[9.3933e-01, 1.5638e+00, 1.7367e+00],
         [9.3933e-01, 1.5638e+00, 1.7367e+00]],

        [[9.3933e-01, 1.5638e+00, 1.7367e+00],
         [9.3933e-01, 1.5638e+00, 1.7367e+00]],

        [[9.3933e-01, 1.5638e+00, 1.7367e+00],
         [9.3933e-01, 1.5638e+00, 1.7367e+00]],

        [[9.3933e-01, 1.5638e+00, 1.7367e+00],
         [9.3933e-01, 1.5638e+00, 1.7367e+00]],

        [[9.3933e-01, 1.5638e+00, 1.7367e+00],
         [9.3933e-01, 1.5638e+00, 1.7367e+00]],

        [[9.3933e-01, 1.5638e+00, 1.7367e+00],
         [9.3933e-01, 1.5638e+00, 1.7367e+00]],

        [[9.3933e-01, 1.5638e+00, 1.7367e+00],
         [9.3933e-01, 1.5638e+00, 1.7367e+00]],

        [[9.3933e-01, 1.5638e+00, 1.7367e+00],
         [9.3933e-01, 1.5638e+00, 1.7367e+00]],

        [[9.3933e-01, 1.5638e+00, 1.7367e+00],
         [9.3933e-01, 1.5638e+00, 1.7367e+00]],

        [[9.3933e-01, 1.5638e+00, 1.7367e+00],
         [9.3933e-01, 1.5638e+00, 1.7367e+00]],

        [[9.3933e-01, 1.5638e+00, 1.7367e+00],
         [9.3933e-01, 1.5638e+00, 1.7367e+00]],

        [[9.3933e-01, 1.5638e+00, 1.7367e+00],
         [9.3933e-01, 1.5638e+00, 1.7367e+00]],

        [[9.3933e-01, 1.5638e+00, 1.7367e+00],
         [9.3933e-01, 1.5638e+00, 1.7367e+00]],

        [[9.3933e-01, 1.5638e+00, 1.7367e+00],
         [9.3933e-01, 1.5638e+00, 1.7367e+00]],

        [[9.3933e-01, 1.5638e+00, 1.7367e+00],
         [9.3933e-01, 1.5638e+00, 1.7367e+00]],

        [[9.3933e-01, 1.5638e+00, 1.7367e+00],
         [9.3933e-01, 1.5638e+00, 1.7367e+00]],

        [[9.3933e-01, 1.5638e+00, 1.7367e+00],
         [9.3933e-01, 1.5638e+00, 1.7367e+00]],

        [[9.3933e-01, 1.5638e+00, 1.7367e+00],
         [9.3933e-01, 1.5638e+00, 1.7367e+00]],

        [[9.3933e-01, 1.5638e+00, 1.7367e+00],
         [9.3933e-01, 1.5638e+00, 1.7367e+00]],

        [[9.3933e-01, 1.5638e+00, 1.7367e+00],
         [9.3933e-01, 1.5638e+00, 1.7367e+00]],

        [[9.3933e-01, 1.5638e+00, 1.7367e+00],
         [9.3933e-01, 1.5638e+00, 1.7367e+00]],

        [[9.3933e-01, 1.5638e+00, 1.7367e+00],
         [9.3933e-01, 1.5638e+00, 1.7367e+00]],

        [[9.3933e-01, 1.5638e+00, 1.7367e+00],
         [9.3933e-01, 1.5638e+00, 1.7367e+00]],

        [[9.3933e-01, 1.5638e+00, 1.7367e+00],
         [9.3933e-01, 1.5638e+00, 1.7367e+00]],

        [[9.3933e-01, 1.5638e+00, 1.7367e+00],
         [9.3933e-01, 1.5638e+00, 1.7367e+00]],

        [[9.3933e-01, 1.5638e+00, 1.7367e+00],
         [9.3933e-01, 1.5638e+00, 1.7367e+00]],

        [[9.3933e-01, 1.5638e+00, 1.7367e+00],
         [9.3933e-01, 1.5638e+00, 1.7367e+00]],

        [[9.3933e-01, 1.5638e+00, 1.7367e+00],
         [9.3933e-01, 1.5638e+00, 1.7367e+00]],

        [[9.3933e-01, 1.5638e+00, 1.7367e+00],
         [9.3933e-01, 1.5638e+00, 1.7367e+00]],

        [[3.8546e-01, 3.6939e-02, 9.8145e-01],
         [9.3933e-01, 1.5638e+00, 1.7367e+00]],

        [[9.3933e-01, 1.5638e+00, 1.7367e+00],
         [9.3933e-01, 1.5638e+00, 1.7367e+00]],

        [[9.3933e-01, 1.5638e+00, 1.7367e+00],
         [9.3933e-01, 1.5638e+00, 1.7367e+00]],

        [[9.3933e-01, 1.5638e+00, 1.7367e+00],
         [9.3933e-01, 1.5638e+00, 1.7367e+00]],

        [[9.3933e-01, 1.5638e+00, 1.7367e+00],
         [9.3933e-01, 1.5638e+00, 1.7367e+00]],

        [[9.3933e-01, 1.5638e+00, 1.7367e+00],
         [7.9003e-01, 9.9775e-01, 1.0000e-10]],

        [[9.3933e-01, 1.5638e+00, 1.7367e+00],
         [9.3933e-01, 1.5638e+00, 1.7367e+00]],

        [[9.3933e-01, 1.5638e+00, 1.7367e+00],
         [9.3933e-01, 1.5638e+00, 1.7367e+00]],

        [[9.3933e-01, 1.5638e+00, 1.7367e+00],
         [9.3933e-01, 1.5638e+00, 1.7367e+00]],

        [[9.3933e-01, 1.5638e+00, 1.7367e+00],
         [9.3933e-01, 1.5638e+00, 1.7367e+00]],

        [[9.3933e-01, 1.5638e+00, 1.7367e+00],
         [9.3933e-01, 1.5638e+00, 1.7367e+00]],

        [[9.3933e-01, 1.5638e+00, 1.7367e+00],
         [9.3933e-01, 1.5638e+00, 1.7367e+00]],

        [[9.3933e-01, 1.5638e+00, 1.7367e+00],
         [9.3933e-01, 1.5638e+00, 1.7367e+00]],

        [[9.3933e-01, 1.5638e+00, 1.7367e+00],
         [9.3933e-01, 1.5638e+00, 1.7367e+00]],

        [[9.3933e-01, 1.5638e+00, 1.7367e+00],
         [9.3933e-01, 1.5638e+00, 1.7367e+00]],

        [[9.3933e-01, 1.5638e+00, 1.7367e+00],
         [9.3933e-01, 1.5638e+00, 1.7367e+00]],

        [[9.3933e-01, 1.5638e+00, 1.7367e+00],
         [9.3933e-01, 1.5638e+00, 1.7367e+00]],

        [[9.3933e-01, 1.5638e+00, 1.7367e+00],
         [9.3933e-01, 1.5638e+00, 1.7367e+00]],

        [[9.3933e-01, 1.5638e+00, 1.7367e+00],
         [9.3933e-01, 1.5638e+00, 1.7367e+00]],

        [[9.3933e-01, 1.5638e+00, 1.7367e+00],
         [9.3933e-01, 1.5638e+00, 1.7367e+00]],

        [[9.3933e-01, 1.5638e+00, 1.7367e+00],
         [9.3933e-01, 1.5638e+00, 1.7367e+00]],

        [[9.3933e-01, 1.5638e+00, 1.7367e+00],
         [9.3933e-01, 1.5638e+00, 1.7367e+00]],

        [[9.3933e-01, 1.5638e+00, 1.7367e+00],
         [9.3933e-01, 1.5638e+00, 1.7367e+00]],

        [[9.8341e-01, 3.1062e+00, 7.1414e-01],
         [9.3933e-01, 1.5638e+00, 1.7367e+00]],

        [[9.3933e-01, 1.5638e+00, 1.7367e+00],
         [9.3933e-01, 1.5638e+00, 1.7367e+00]],

        [[9.3933e-01, 1.5638e+00, 1.7367e+00],
         [9.3933e-01, 1.5638e+00, 1.7367e+00]],

        [[9.3933e-01, 1.5638e+00, 1.7367e+00],
         [9.0310e-01, 1.6972e+00, 3.0327e-01]],

        [[9.3933e-01, 1.5638e+00, 1.7367e+00],
         [9.3933e-01, 1.5638e+00, 1.7367e+00]],

        [[9.3933e-01, 1.5638e+00, 1.7367e+00],
         [9.3933e-01, 1.5638e+00, 1.7367e+00]],

        [[9.3933e-01, 1.5638e+00, 1.7367e+00],
         [9.3933e-01, 1.5638e+00, 1.7367e+00]],

        [[9.3933e-01, 1.5638e+00, 1.7367e+00],
         [9.3933e-01, 1.5638e+00, 1.7367e+00]],

        [[9.3933e-01, 1.5638e+00, 1.7367e+00],
         [9.3933e-01, 1.5638e+00, 1.7367e+00]],

        [[9.3933e-01, 1.5638e+00, 1.7367e+00],
         [9.3933e-01, 1.5638e+00, 1.7367e+00]],

        [[9.3933e-01, 1.5638e+00, 1.7367e+00],
         [9.3933e-01, 1.5638e+00, 1.7367e+00]],

        [[9.3933e-01, 1.5638e+00, 1.7367e+00],
         [9.3933e-01, 1.5638e+00, 1.7367e+00]],

        [[9.3933e-01, 1.5638e+00, 1.7367e+00],
         [9.3933e-01, 1.5638e+00, 1.7367e+00]],

        [[9.3933e-01, 1.5638e+00, 1.7367e+00],
         [9.3933e-01, 1.5638e+00, 1.7367e+00]],

        [[9.3933e-01, 1.5638e+00, 1.7367e+00],
         [9.3933e-01, 1.5638e+00, 1.7367e+00]],

        [[9.0310e-01, 1.6972e+00, 3.0327e-01],
         [9.3933e-01, 1.5638e+00, 1.7367e+00]],

        [[9.3933e-01, 1.5638e+00, 1.7367e+00],
         [9.3933e-01, 1.5638e+00, 1.7367e+00]],

        [[9.3933e-01, 1.5638e+00, 1.7367e+00],
         [9.3933e-01, 1.5638e+00, 1.7367e+00]],

        [[9.3933e-01, 1.5638e+00, 1.7367e+00],
         [9.3933e-01, 1.5638e+00, 1.7367e+00]],

        [[9.3933e-01, 1.5638e+00, 1.7367e+00],
         [9.3933e-01, 1.5638e+00, 1.7367e+00]],

        [[3.8546e-01, 3.6939e-02, 9.8145e-01],
         [9.3933e-01, 1.5638e+00, 1.7367e+00]],

        [[9.3933e-01, 1.5638e+00, 1.7367e+00],
         [9.3933e-01, 1.5638e+00, 1.7367e+00]],

        [[9.3933e-01, 1.5638e+00, 1.7367e+00],
         [9.3933e-01, 1.5638e+00, 1.7367e+00]],

        [[9.3933e-01, 1.5638e+00, 1.7367e+00],
         [9.3933e-01, 1.5638e+00, 1.7367e+00]],

        [[9.3933e-01, 1.5638e+00, 1.7367e+00],
         [9.3933e-01, 1.5638e+00, 1.7367e+00]],

        [[9.3933e-01, 1.5638e+00, 1.7367e+00],
         [9.3933e-01, 1.5638e+00, 1.7367e+00]],

        [[9.3933e-01, 1.5638e+00, 1.7367e+00],
         [9.3933e-01, 1.5638e+00, 1.7367e+00]],

        [[9.3933e-01, 1.5638e+00, 1.7367e+00],
         [9.3933e-01, 1.5638e+00, 1.7367e+00]],

        [[9.3933e-01, 1.5638e+00, 1.7367e+00],
         [9.3933e-01, 1.5638e+00, 1.7367e+00]],

        [[9.3933e-01, 1.5638e+00, 1.7367e+00],
         [9.3933e-01, 1.5638e+00, 1.7367e+00]],

        [[9.3933e-01, 1.5638e+00, 1.7367e+00],
         [9.3933e-01, 1.5638e+00, 1.7367e+00]],

        [[9.3933e-01, 1.5638e+00, 1.7367e+00],
         [1.1451e+00, 4.2488e-01, 9.1130e-01]],

        [[9.3933e-01, 1.5638e+00, 1.7367e+00],
         [9.3933e-01, 1.5638e+00, 1.7367e+00]],

        [[9.3933e-01, 1.5638e+00, 1.7367e+00],
         [9.3933e-01, 1.5638e+00, 1.7367e+00]],

        [[9.3933e-01, 1.5638e+00, 1.7367e+00],
         [9.3933e-01, 1.5638e+00, 1.7367e+00]],

        [[9.3933e-01, 1.5638e+00, 1.7367e+00],
         [9.3933e-01, 1.5638e+00, 1.7367e+00]],

        [[9.3933e-01, 1.5638e+00, 1.7367e+00],
         [9.3933e-01, 1.5638e+00, 1.7367e+00]],

        [[9.3933e-01, 1.5638e+00, 1.7367e+00],
         [9.3933e-01, 1.5638e+00, 1.7367e+00]],

        [[9.3933e-01, 1.5638e+00, 1.7367e+00],
         [9.3933e-01, 1.5638e+00, 1.7367e+00]],

        [[9.3933e-01, 1.5638e+00, 1.7367e+00],
         [9.3933e-01, 1.5638e+00, 1.7367e+00]],

        [[9.3933e-01, 1.5638e+00, 1.7367e+00],
         [9.3933e-01, 1.5638e+00, 1.7367e+00]],

        [[9.3933e-01, 1.5638e+00, 1.7367e+00],
         [9.3933e-01, 1.5638e+00, 1.7367e+00]],

        [[9.3933e-01, 1.5638e+00, 1.7367e+00],
         [9.3933e-01, 1.5638e+00, 1.7367e+00]],

        [[9.3933e-01, 1.5638e+00, 1.7367e+00],
         [3.4939e-01, 2.4972e+00, 1.2151e+00]],

        [[9.3933e-01, 1.5638e+00, 1.7367e+00],
         [9.3933e-01, 1.5638e+00, 1.7367e+00]],

        [[9.3933e-01, 1.5638e+00, 1.7367e+00],
         [9.3933e-01, 1.5638e+00, 1.7367e+00]],

        [[9.3933e-01, 1.5638e+00, 1.7367e+00],
         [9.3933e-01, 1.5638e+00, 1.7367e+00]],

        [[9.3933e-01, 1.5638e+00, 1.7367e+00],
         [9.3933e-01, 1.5638e+00, 1.7367e+00]],

        [[9.3933e-01, 1.5638e+00, 1.7367e+00],
         [9.3933e-01, 1.5638e+00, 1.7367e+00]],

        [[9.3933e-01, 1.5638e+00, 1.7367e+00],
         [9.3933e-01, 1.5638e+00, 1.7367e+00]],

        [[9.3933e-01, 1.5638e+00, 1.7367e+00],
         [9.3933e-01, 1.5638e+00, 1.7367e+00]],

        [[9.3933e-01, 1.5638e+00, 1.7367e+00],
         [9.3933e-01, 1.5638e+00, 1.7367e+00]],

        [[9.3933e-01, 1.5638e+00, 1.7367e+00],
         [9.3933e-01, 1.5638e+00, 1.7367e+00]],

        [[9.3933e-01, 1.5638e+00, 1.7367e+00],
         [9.3933e-01, 1.5638e+00, 1.7367e+00]],

        [[9.3933e-01, 1.5638e+00, 1.7367e+00],
         [9.3163e-01, 9.9723e-01, 3.4470e-01]],

        [[9.3933e-01, 1.5638e+00, 1.7367e+00],
         [9.3933e-01, 1.5638e+00, 1.7367e+00]],

        [[9.3933e-01, 1.5638e+00, 1.7367e+00],
         [9.3933e-01, 1.5638e+00, 1.7367e+00]],

        [[9.3933e-01, 1.5638e+00, 1.7367e+00],
         [9.3933e-01, 1.5638e+00, 1.7367e+00]],

        [[9.3933e-01, 1.5638e+00, 1.7367e+00],
         [9.3933e-01, 1.5638e+00, 1.7367e+00]],

        [[9.3933e-01, 1.5638e+00, 1.7367e+00],
         [9.3933e-01, 1.5638e+00, 1.7367e+00]],

        [[9.3933e-01, 1.5638e+00, 1.7367e+00],
         [9.3933e-01, 1.5638e+00, 1.7367e+00]],

        [[9.3933e-01, 1.5638e+00, 1.7367e+00],
         [9.3933e-01, 1.5638e+00, 1.7367e+00]],

        [[1.0000e-10, 1.3766e+00, 6.2521e-01],
         [9.3933e-01, 1.5638e+00, 1.7367e+00]],

        [[9.3933e-01, 1.5638e+00, 1.7367e+00],
         [9.3933e-01, 1.5638e+00, 1.7367e+00]],

        [[9.3933e-01, 1.5638e+00, 1.7367e+00],
         [9.3933e-01, 1.5638e+00, 1.7367e+00]],

        [[9.3933e-01, 1.5638e+00, 1.7367e+00],
         [9.3933e-01, 1.5638e+00, 1.7367e+00]],

        [[9.3933e-01, 1.5638e+00, 1.7367e+00],
         [9.3933e-01, 1.5638e+00, 1.7367e+00]],

        [[9.3933e-01, 1.5638e+00, 1.7367e+00],
         [9.3933e-01, 1.5638e+00, 1.7367e+00]],

        [[9.3933e-01, 1.5638e+00, 1.7367e+00],
         [9.3933e-01, 1.5638e+00, 1.7367e+00]],

        [[9.3933e-01, 1.5638e+00, 1.7367e+00],
         [9.3933e-01, 1.5638e+00, 1.7367e+00]],

        [[9.3933e-01, 1.5638e+00, 1.7367e+00],
         [9.3933e-01, 1.5638e+00, 1.7367e+00]],

        [[9.3933e-01, 1.5638e+00, 1.7367e+00],
         [9.3933e-01, 1.5638e+00, 1.7367e+00]],

        [[9.3933e-01, 1.5638e+00, 1.7367e+00],
         [9.3933e-01, 1.5638e+00, 1.7367e+00]],

        [[9.3933e-01, 1.5638e+00, 1.7367e+00],
         [9.3933e-01, 1.5638e+00, 1.7367e+00]],

        [[9.3933e-01, 1.5638e+00, 1.7367e+00],
         [9.3933e-01, 1.5638e+00, 1.7367e+00]],

        [[9.3933e-01, 1.5638e+00, 1.7367e+00],
         [9.3933e-01, 1.5638e+00, 1.7367e+00]],

        [[9.3933e-01, 1.5638e+00, 1.7367e+00],
         [9.3933e-01, 1.5638e+00, 1.7367e+00]],

        [[9.3933e-01, 1.5638e+00, 1.7367e+00],
         [9.3933e-01, 1.5638e+00, 1.7367e+00]],

        [[9.3933e-01, 1.5638e+00, 1.7367e+00],
         [9.3933e-01, 1.5638e+00, 1.7367e+00]],

        [[1.7001e+00, 1.9113e+00, 1.0998e+00],
         [9.3933e-01, 1.5638e+00, 1.7367e+00]],

        [[9.3933e-01, 1.5638e+00, 1.7367e+00],
         [9.3933e-01, 1.5638e+00, 1.7367e+00]],

        [[9.3933e-01, 1.5638e+00, 1.7367e+00],
         [9.3933e-01, 1.5638e+00, 1.7367e+00]],

        [[9.3933e-01, 1.5638e+00, 1.7367e+00],
         [9.3933e-01, 1.5638e+00, 1.7367e+00]],

        [[9.3933e-01, 1.5638e+00, 1.7367e+00],
         [9.3933e-01, 1.5638e+00, 1.7367e+00]],

        [[9.3933e-01, 1.5638e+00, 1.7367e+00],
         [9.3933e-01, 1.5638e+00, 1.7367e+00]],

        [[9.3933e-01, 1.5638e+00, 1.7367e+00],
         [6.0529e-01, 5.4632e-01, 2.2722e+00]],

        [[9.3933e-01, 1.5638e+00, 1.7367e+00],
         [9.3933e-01, 1.5638e+00, 1.7367e+00]],

        [[9.3933e-01, 1.5638e+00, 1.7367e+00],
         [9.3933e-01, 1.5638e+00, 1.7367e+00]],

        [[9.3933e-01, 1.5638e+00, 1.7367e+00],
         [9.3933e-01, 1.5638e+00, 1.7367e+00]],

        [[9.3933e-01, 1.5638e+00, 1.7367e+00],
         [9.3933e-01, 1.5638e+00, 1.7367e+00]],

        [[9.3933e-01, 1.5638e+00, 1.7367e+00],
         [9.3933e-01, 1.5638e+00, 1.7367e+00]],

        [[9.3933e-01, 1.5638e+00, 1.7367e+00],
         [9.3933e-01, 1.5638e+00, 1.7367e+00]],

        [[9.3933e-01, 1.5638e+00, 1.7367e+00],
         [9.3933e-01, 1.5638e+00, 1.7367e+00]],

        [[9.3933e-01, 1.5638e+00, 1.7367e+00],
         [9.3933e-01, 1.5638e+00, 1.7367e+00]],

        [[9.3933e-01, 1.5638e+00, 1.7367e+00],
         [9.3933e-01, 1.5638e+00, 1.7367e+00]],

        [[9.3933e-01, 1.5638e+00, 1.7367e+00],
         [9.3933e-01, 1.5638e+00, 1.7367e+00]],

        [[9.3933e-01, 1.5638e+00, 1.7367e+00],
         [9.3933e-01, 1.5638e+00, 1.7367e+00]],

        [[9.3933e-01, 1.5638e+00, 1.7367e+00],
         [9.3933e-01, 1.5638e+00, 1.7367e+00]],

        [[9.3933e-01, 1.5638e+00, 1.7367e+00],
         [9.3933e-01, 1.5638e+00, 1.7367e+00]],

        [[9.3933e-01, 1.5638e+00, 1.7367e+00],
         [9.3933e-01, 1.5638e+00, 1.7367e+00]],

        [[9.3933e-01, 1.5638e+00, 1.7367e+00],
         [9.3933e-01, 1.5638e+00, 1.7367e+00]],

        [[9.3933e-01, 1.5638e+00, 1.7367e+00],
         [9.3933e-01, 1.5638e+00, 1.7367e+00]],

        [[9.3933e-01, 1.5638e+00, 1.7367e+00],
         [9.3933e-01, 1.5638e+00, 1.7367e+00]],

        [[9.3933e-01, 1.5638e+00, 1.7367e+00],
         [9.3933e-01, 1.5638e+00, 1.7367e+00]],

        [[9.3933e-01, 1.5638e+00, 1.7367e+00],
         [9.3933e-01, 1.5638e+00, 1.7367e+00]],

        [[9.3933e-01, 1.5638e+00, 1.7367e+00],
         [9.3933e-01, 1.5638e+00, 1.7367e+00]],

        [[9.3933e-01, 1.5638e+00, 1.7367e+00],
         [9.3933e-01, 1.5638e+00, 1.7367e+00]],

        [[9.3933e-01, 1.5638e+00, 1.7367e+00],
         [9.3933e-01, 1.5638e+00, 1.7367e+00]],

        [[2.2999e+00, 1.3452e+00, 1.0000e-10],
         [9.3933e-01, 1.5638e+00, 1.7367e+00]],

        [[9.3933e-01, 1.5638e+00, 1.7367e+00],
         [9.3933e-01, 1.5638e+00, 1.7367e+00]],

        [[9.3933e-01, 1.5638e+00, 1.7367e+00],
         [9.3933e-01, 1.5638e+00, 1.7367e+00]],

        [[9.3933e-01, 1.5638e+00, 1.7367e+00],
         [9.3933e-01, 1.5638e+00, 1.7367e+00]],

        [[9.3933e-01, 1.5638e+00, 1.7367e+00],
         [9.3933e-01, 1.5638e+00, 1.7367e+00]],

        [[9.3933e-01, 1.5638e+00, 1.7367e+00],
         [9.3933e-01, 1.5638e+00, 1.7367e+00]],

        [[9.3933e-01, 1.5638e+00, 1.7367e+00],
         [9.3933e-01, 1.5638e+00, 1.7367e+00]],

        [[9.3933e-01, 1.5638e+00, 1.7367e+00],
         [9.3933e-01, 1.5638e+00, 1.7367e+00]],

        [[9.3933e-01, 1.5638e+00, 1.7367e+00],
         [9.3933e-01, 1.5638e+00, 1.7367e+00]],

        [[9.3933e-01, 1.5638e+00, 1.7367e+00],
         [9.3933e-01, 1.5638e+00, 1.7367e+00]],

        [[9.3933e-01, 1.5638e+00, 1.7367e+00],
         [9.3933e-01, 1.5638e+00, 1.7367e+00]],

        [[9.3933e-01, 1.5638e+00, 1.7367e+00],
         [9.3933e-01, 1.5638e+00, 1.7367e+00]],

        [[9.3933e-01, 1.5638e+00, 1.7367e+00],
         [9.3933e-01, 1.5638e+00, 1.7367e+00]],

        [[9.3933e-01, 1.5638e+00, 1.7367e+00],
         [9.3933e-01, 1.5638e+00, 1.7367e+00]],

        [[9.3933e-01, 1.5638e+00, 1.7367e+00],
         [9.3933e-01, 1.5638e+00, 1.7367e+00]],

        [[9.3933e-01, 1.5638e+00, 1.7367e+00],
         [9.3933e-01, 1.5638e+00, 1.7367e+00]],

        [[9.3933e-01, 1.5638e+00, 1.7367e+00],
         [9.3933e-01, 1.5638e+00, 1.7367e+00]],

        [[9.3933e-01, 1.5638e+00, 1.7367e+00],
         [9.3933e-01, 1.5638e+00, 1.7367e+00]],

        [[9.3933e-01, 1.5638e+00, 1.7367e+00],
         [9.3933e-01, 1.5638e+00, 1.7367e+00]],

        [[9.3933e-01, 1.5638e+00, 1.7367e+00],
         [9.3933e-01, 1.5638e+00, 1.7367e+00]],

        [[9.3933e-01, 1.5638e+00, 1.7367e+00],
         [9.3933e-01, 1.5638e+00, 1.7367e+00]],

        [[9.3933e-01, 1.5638e+00, 1.7367e+00],
         [9.3933e-01, 1.5638e+00, 1.7367e+00]],

        [[9.3933e-01, 1.5638e+00, 1.7367e+00],
         [9.3933e-01, 1.5638e+00, 1.7367e+00]],

        [[9.3933e-01, 1.5638e+00, 1.7367e+00],
         [9.3933e-01, 1.5638e+00, 1.7367e+00]],

        [[9.3933e-01, 1.5638e+00, 1.7367e+00],
         [9.3933e-01, 1.5638e+00, 1.7367e+00]],

        [[9.3933e-01, 1.5638e+00, 1.7367e+00],
         [9.3933e-01, 1.5638e+00, 1.7367e+00]],

        [[9.3933e-01, 1.5638e+00, 1.7367e+00],
         [9.3933e-01, 1.5638e+00, 1.7367e+00]],

        [[9.3933e-01, 1.5638e+00, 1.7367e+00],
         [9.3933e-01, 1.5638e+00, 1.7367e+00]],

        [[9.3933e-01, 1.5638e+00, 1.7367e+00],
         [9.3933e-01, 1.5638e+00, 1.7367e+00]],

        [[9.3933e-01, 1.5638e+00, 1.7367e+00],
         [9.3933e-01, 1.5638e+00, 1.7367e+00]],

        [[9.3933e-01, 1.5638e+00, 1.7367e+00],
         [1.0000e-10, 1.0001e+00, 1.5030e+00]],

        [[9.3933e-01, 1.5638e+00, 1.7367e+00],
         [9.3933e-01, 1.5638e+00, 1.7367e+00]],

        [[9.3933e-01, 1.5638e+00, 1.7367e+00],
         [9.3933e-01, 1.5638e+00, 1.7367e+00]],

        [[9.3933e-01, 1.5638e+00, 1.7367e+00],
         [9.3933e-01, 1.5638e+00, 1.7367e+00]],

        [[9.3933e-01, 1.5638e+00, 1.7367e+00],
         [9.3933e-01, 1.5638e+00, 1.7367e+00]],

        [[9.3933e-01, 1.5638e+00, 1.7367e+00],
         [9.3933e-01, 1.5638e+00, 1.7367e+00]],

        [[9.3933e-01, 1.5638e+00, 1.7367e+00],
         [9.3933e-01, 1.5638e+00, 1.7367e+00]],

        [[6.0529e-01, 5.4632e-01, 2.2722e+00],
         [9.3933e-01, 1.5638e+00, 1.7367e+00]],

        [[9.3933e-01, 1.5638e+00, 1.7367e+00],
         [9.3933e-01, 1.5638e+00, 1.7367e+00]],

        [[9.3933e-01, 1.5638e+00, 1.7367e+00],
         [9.3933e-01, 1.5638e+00, 1.7367e+00]],

        [[9.3933e-01, 1.5638e+00, 1.7367e+00],
         [9.3933e-01, 1.5638e+00, 1.7367e+00]],

        [[9.3933e-01, 1.5638e+00, 1.7367e+00],
         [9.3933e-01, 1.5638e+00, 1.7367e+00]],

        [[9.3933e-01, 1.5638e+00, 1.7367e+00],
         [9.3933e-01, 1.5638e+00, 1.7367e+00]],

        [[9.3933e-01, 1.5638e+00, 1.7367e+00],
         [9.3933e-01, 1.5638e+00, 1.7367e+00]],

        [[9.3933e-01, 1.5638e+00, 1.7367e+00],
         [9.3933e-01, 1.5638e+00, 1.7367e+00]],

        [[9.3933e-01, 1.5638e+00, 1.7367e+00],
         [9.3933e-01, 1.5638e+00, 1.7367e+00]],

        [[9.3933e-01, 1.5638e+00, 1.7367e+00],
         [9.3933e-01, 1.5638e+00, 1.7367e+00]],

        [[9.3933e-01, 1.5638e+00, 1.7367e+00],
         [9.3933e-01, 1.5638e+00, 1.7367e+00]],

        [[9.3933e-01, 1.5638e+00, 1.7367e+00],
         [9.3933e-01, 1.5638e+00, 1.7367e+00]],

        [[9.3933e-01, 1.5638e+00, 1.7367e+00],
         [9.3933e-01, 1.5638e+00, 1.7367e+00]],

        [[5.9848e-01, 9.2837e-01, 8.7346e-01],
         [9.3933e-01, 1.5638e+00, 1.7367e+00]],

        [[9.3933e-01, 1.5638e+00, 1.7367e+00],
         [9.3933e-01, 1.5638e+00, 1.7367e+00]],

        [[9.3933e-01, 1.5638e+00, 1.7367e+00],
         [9.3933e-01, 1.5638e+00, 1.7367e+00]],

        [[9.3933e-01, 1.5638e+00, 1.7367e+00],
         [9.3933e-01, 1.5638e+00, 1.7367e+00]],

        [[9.3933e-01, 1.5638e+00, 1.7367e+00],
         [9.3933e-01, 1.5638e+00, 1.7367e+00]],

        [[9.3933e-01, 1.5638e+00, 1.7367e+00],
         [9.3933e-01, 1.5638e+00, 1.7367e+00]],

        [[9.3933e-01, 1.5638e+00, 1.7367e+00],
         [9.3933e-01, 1.5638e+00, 1.7367e+00]],

        [[9.3933e-01, 1.5638e+00, 1.7367e+00],
         [9.3933e-01, 1.5638e+00, 1.7367e+00]],

        [[9.3933e-01, 1.5638e+00, 1.7367e+00],
         [9.3933e-01, 1.5638e+00, 1.7367e+00]],

        [[9.3933e-01, 1.5638e+00, 1.7367e+00],
         [9.3933e-01, 1.5638e+00, 1.7367e+00]],

        [[9.3933e-01, 1.5638e+00, 1.7367e+00],
         [9.3933e-01, 1.5638e+00, 1.7367e+00]],

        [[9.3933e-01, 1.5638e+00, 1.7367e+00],
         [9.3933e-01, 1.5638e+00, 1.7367e+00]],

        [[9.3933e-01, 1.5638e+00, 1.7367e+00],
         [9.3933e-01, 1.5638e+00, 1.7367e+00]]], grad_fn=<ClampBackward1>)
############c_ids
torch.Size([256, 2])
tensor([[ 0,  0],
        [ 0,  0],
        [ 0,  0],
        [ 0,  0],
        [ 0,  0],
        [ 0,  0],
        [ 0,  0],
        [ 0,  0],
        [ 0,  0],
        [ 0,  0],
        [ 0,  0],
        [ 0,  0],
        [ 0,  0],
        [ 0,  0],
        [ 0,  0],
        [ 0,  0],
        [ 0,  0],
        [ 0,  0],
        [ 0,  0],
        [ 0,  0],
        [ 0,  0],
        [ 0,  0],
        [ 0,  0],
        [ 0,  0],
        [ 0,  0],
        [ 0, 39],
        [ 0,  0],
        [ 0, 32],
        [ 0,  0],
        [ 0,  0],
        [ 0,  0],
        [ 0,  0],
        [ 0,  0],
        [ 0,  0],
        [ 0,  0],
        [ 0,  0],
        [ 0,  0],
        [ 0,  0],
        [ 0,  0],
        [ 0,  0],
        [ 0,  0],
        [ 0,  0],
        [ 0,  0],
        [ 0,  0],
        [ 0,  0],
        [ 0,  0],
        [ 0,  0],
        [ 0,  0],
        [ 0,  0],
        [ 0,  0],
        [ 0,  0],
        [ 0,  0],
        [ 0,  0],
        [ 0,  0],
        [ 0,  0],
        [ 0,  0],
        [ 0,  0],
        [ 0,  0],
        [ 0,  0],
        [ 0,  0],
        [ 0,  0],
        [ 0,  0],
        [54,  0],
        [ 0,  0],
        [ 0,  0],
        [ 0,  0],
        [ 0,  0],
        [ 0,  7],
        [ 0,  0],
        [ 0,  0],
        [ 0,  0],
        [ 0,  0],
        [ 0,  0],
        [ 0,  0],
        [ 0,  0],
        [ 0,  0],
        [ 0,  0],
        [ 0,  0],
        [ 0,  0],
        [ 0,  0],
        [ 0,  0],
        [ 0,  0],
        [ 0,  0],
        [ 0,  0],
        [ 0,  0],
        [53,  0],
        [ 0,  0],
        [ 0,  0],
        [ 0, 30],
        [ 0,  0],
        [ 0,  0],
        [ 0,  0],
        [ 0,  0],
        [ 0,  0],
        [ 0,  0],
        [ 0,  0],
        [ 0,  0],
        [ 0,  0],
        [ 0,  0],
        [ 0,  0],
        [30,  0],
        [ 0,  0],
        [ 0,  0],
        [ 0,  0],
        [ 0,  0],
        [54,  0],
        [ 0,  0],
        [ 0,  0],
        [ 0,  0],
        [ 0,  0],
        [ 0,  0],
        [ 0,  0],
        [ 0,  0],
        [ 0,  0],
        [ 0,  0],
        [ 0,  0],
        [ 0, 16],
        [ 0,  0],
        [ 0,  0],
        [ 0,  0],
        [ 0,  0],
        [ 0,  0],
        [ 0,  0],
        [ 0,  0],
        [ 0,  0],
        [ 0,  0],
        [ 0,  0],
        [ 0,  0],
        [ 0, 46],
        [ 0,  0],
        [ 0,  0],
        [ 0,  0],
        [ 0,  0],
        [ 0,  0],
        [ 0,  0],
        [ 0,  0],
        [ 0,  0],
        [ 0,  0],
        [ 0,  0],
        [ 0, 52],
        [ 0,  0],
        [ 0,  0],
        [ 0,  0],
        [ 0,  0],
        [ 0,  0],
        [ 0,  0],
        [ 0,  0],
        [18,  0],
        [ 0,  0],
        [ 0,  0],
        [ 0,  0],
        [ 0,  0],
        [ 0,  0],
        [ 0,  0],
        [ 0,  0],
        [ 0,  0],
        [ 0,  0],
        [ 0,  0],
        [ 0,  0],
        [ 0,  0],
        [ 0,  0],
        [ 0,  0],
        [ 0,  0],
        [ 0,  0],
        [24,  0],
        [ 0,  0],
        [ 0,  0],
        [ 0,  0],
        [ 0,  0],
        [ 0,  0],
        [ 0, 29],
        [ 0,  0],
        [ 0,  0],
        [ 0,  0],
        [ 0,  0],
        [ 0,  0],
        [ 0,  0],
        [ 0,  0],
        [ 0,  0],
        [ 0,  0],
        [ 0,  0],
        [ 0,  0],
        [ 0,  0],
        [ 0,  0],
        [ 0,  0],
        [ 0,  0],
        [ 0,  0],
        [ 0,  0],
        [ 0,  0],
        [ 0,  0],
        [ 0,  0],
        [ 0,  0],
        [ 0,  0],
        [38,  0],
        [ 0,  0],
        [ 0,  0],
        [ 0,  0],
        [ 0,  0],
        [ 0,  0],
        [ 0,  0],
        [ 0,  0],
        [ 0,  0],
        [ 0,  0],
        [ 0,  0],
        [ 0,  0],
        [ 0,  0],
        [ 0,  0],
        [ 0,  0],
        [ 0,  0],
        [ 0,  0],
        [ 0,  0],
        [ 0,  0],
        [ 0,  0],
        [ 0,  0],
        [ 0,  0],
        [ 0,  0],
        [ 0,  0],
        [ 0,  0],
        [ 0,  0],
        [ 0,  0],
        [ 0,  0],
        [ 0,  0],
        [ 0,  0],
        [ 0, 20],
        [ 0,  0],
        [ 0,  0],
        [ 0,  0],
        [ 0,  0],
        [ 0,  0],
        [ 0,  0],
        [29,  0],
        [ 0,  0],
        [ 0,  0],
        [ 0,  0],
        [ 0,  0],
        [ 0,  0],
        [ 0,  0],
        [ 0,  0],
        [ 0,  0],
        [ 0,  0],
        [ 0,  0],
        [ 0,  0],
        [ 0,  0],
        [10,  0],
        [ 0,  0],
        [ 0,  0],
        [ 0,  0],
        [ 0,  0],
        [ 0,  0],
        [ 0,  0],
        [ 0,  0],
        [ 0,  0],
        [ 0,  0],
        [ 0,  0],
        [ 0,  0],
        [ 0,  0]], dtype=torch.int32)
