############negprediction
torch.Size([256, 100])
tensor([[ 0.3027, -0.5691, -1.2860,  ...,  0.1251,  1.7837,  1.3049],
        [-0.8086, -1.2194,  0.8432,  ..., -0.3405, -1.2107,  1.4494],
        [-0.1682, -0.6880,  0.1513,  ...,  1.4020,  1.1046, -0.1722],
        ...,
        [-1.2670, -1.3834,  1.7639,  ..., -0.1481, -1.2608,  1.3713],
        [-1.0522,  0.4077, -0.8310,  ..., -0.4594,  1.6035, -0.4680],
        [ 1.6641, -0.5352, -1.1525,  ...,  0.1133, -0.4742, -0.5180]])
############negprediction
torch.Size([256, 100])
tensor([[-7.7379e-02,  7.1907e-01, -1.8890e-01,  ...,  3.9743e-01,
          2.5220e+00,  3.3416e-01],
        [-2.8256e-01, -1.2533e+00,  1.0471e+00,  ...,  5.7021e-01,
          3.9729e-01,  6.7912e-01],
        [ 9.9833e-02, -1.8003e+00, -9.1570e-01,  ...,  2.8255e-01,
         -4.8128e-02,  5.5329e-01],
        ...,
        [ 1.3857e-01, -5.0974e-04,  3.9637e-01,  ..., -4.5066e-01,
          2.2920e-02,  2.4629e+00],
        [-2.5547e-01,  1.0185e+00,  8.8381e-01,  ..., -1.3646e-01,
          1.2119e+00, -3.3531e-01],
        [ 1.2397e+00, -1.3368e+00, -3.6042e-01,  ...,  8.3281e-01,
          7.8545e-03,  4.2965e-01]], dtype=torch.float64)
############ expression_neg_events
############ excis
torch.Size([256, 101])
tensor([[-0.8495, -0.3801,  1.2882,  ...,  0.2723,  0.7383, -0.9708],
        [-0.1370,  0.5260, -0.0340,  ...,  0.9107,  1.6080, -0.7702],
        [-0.7138,  0.2680, -1.1123,  ..., -1.1194, -1.1528,  0.7255],
        ...,
        [-0.9103,  1.4055,  1.3829,  ..., -0.3025,  1.2837,  1.0916],
        [-0.3570,  0.7967,  0.6108,  ...,  0.3230, -0.3916,  0.1327],
        [-0.8527, -0.4244, -0.8016,  ...,  0.7195,  0.4821,  0.9476]],
       dtype=torch.float64)
